10000
3905
2452
582
3780
2974
7483
4997
5369
6123
3294
2491
5533
6344
9852
6750
6149
8698
5301
608
9879
4985
725
5072
4143
3454
7145
1612
5816
4582
9484
5184
784
3733
9014
1958
896
7753
2617
2675
6825
7650
8229
1716
7158
6824
2973
112
9965
6747
120
8083
9105
9491
8111
6721
9760
5401
7470
2038
1386
8052
1757
5604
9754
4332
3272
2292
6105
9497
521
7654
4646
989
9682
2806
6682
578
2900
3565
8700
1111
9800
1808
5031
9239
7472
7771
5082
5813
3065
2215
7080
3320
4541
4593
3590
7039
9383
1504
9193
3444
9040
3813
391
8966
4314
8133
9237
894
1288
4031
7480
6777
6758
317
4742
5896
5163
9838
6113
5571
6791
4489
1278
4810
8644
1985
9410
7627
5926
2022
4045
7755
3861
7415
1706
5928
4824
6479
3872
6998
5682
390
4457
6710
7716
2178
8059
8390
1968
6006
7393
6759
2309
8110
5089
9044
5722
8006
9319
7696
2481
99
153
2014
7040
2579
6413
670
5440
3844
5652
9450
4525
6849
3942
4280
2297
6905
9781
6920
6184
9068
1973
9693
8164
9904
9441
2568
7139
1768
4936
7020
717
1940
7252
9463
5039
6708
6728
9256
5662
1209
4120
544
7289
475
1108
757
9305
9779
469
7618
339
5285
5789
6572
4904
4035
133
951
3569
8273
530
2984
7721
3392
4720
6690
457
619
4627
5663
6031
9029
1981
4982
1965
5697
1684
9494
4923
9520
8767
3099
271
785
9338
22
1073
4602
1651
513
4981
5153
5354
7281
5484
2044
8776
2514
8247
4640
283
7173
8095
5996
5264
7331
9090
926
2989
7049
1575
8419
207
5141
9549
674
4245
9379
6070
9175
6491
3938
3132
7602
4471
4374
8777
8578
9171
7778
6092
8793
5351
6042
1201
7984
7417
9359
8538
4834
4241
6117
1143
1915
4774
4326
6180
2243
890
9316
7594
2632
4625
1469
4629
2776
7942
5367
9758
4522
2166
7971
9407
8359
8378
897
8487
3643
3185
9467
3443
1835
9341
2982
4599
9108
555
5466
4462
7693
8810
9818
2773
2407
9711
4275
105
1630
9883
1633
243
1619
2218
3632
2785
5584
9453
2566
1293
25
2748
3558
5860
1100
3832
3333
9055
9881
5312
6218
1150
5613
8670
8789
8576
3628
4144
7838
3883
4833
9448
7836
5616
6510
1207
9511
8764
3806
5124
8443
2784
8182
4587
9289
2646
7722
4348
8856
1865
9880
5660
1987
8459
4829
4839
1302
8901
8839
9978
5826
6048
1629
4804
5456
2366
9966
629
1625
3062
3842
7776
3071
7234
4041
2692
2769
8365
7296
1726
6641
5851
7800
8837
2496
1270
3825
7072
5429
4960
838
7607
7659
8282
7381
353
3199
6043
4330
4414
6613
7146
1190
5811
3280
2202
8592
7052
9909
8261
7235
1135
7467
8752
9906
9975
1802
7850
5735
7230
4743
9110
6648
3034
4752
4468
4710
428
220
4340
5157
2411
6266
7867
1452
6295
4554
5171
1426
6815
9546
7968
9299
3927
5656
2281
451
7535
8267
861
3313
4163
5879
9526
4123
855
4990
5573
5196
6834
8048
3423
4401
1845
354
3595
5279
9686
2367
5038
8891
6548
1493
4872
5715
4958
6424
607
5337
1232
3086
3698
1418
7449
6663
7342
7250
5030
8687
8264
9829
1244
4417
2844
8632
5377
2985
8288
6487
9590
8831
5070
1222
600
4262
1189
8502
651
5564
8102
7932
2927
5683
5900
5287
3068
6230
1230
833
2330
4173
2547
2457
4405
2241
7973
4504
2260
4928
9750
1090
3756
993
5562
9221
2137
4875
7454
1185
3046
4940
3473
9753
4076
8929
6712
7682
5691
4029
9005
2613
3765
2327
6749
5234
5156
3640
710
8582
7862
300
5041
7078
4297
6004
4214
9281
1009
1263
3726
6026
4723
8607
1714
7268
3386
4870
8163
9723
2368
7683
3532
9293
2624
3956
9349
9863
53
5755
2951
7323
5628
4902
3081
625
7330
6882
9916
7321
7783
6352
5414
7293
4082
5473
3507
1675
2472
6943
964
3734
1688
3383
8042
2877
5707
7743
7789
9872
9860
7907
1466
2107
5309
6898
3317
7873
260
7636
4359
5366
6876
5612
171
7940
8371
4088
9540
4671
1989
1608
6863
2291
7727
4739
4329
2350
3160
5364
858
7900
4604
6378
5712
8124
2040
8206
9430
1249
5806
6243
7438
1326
7095
7547
5517
4668
4645
6282
8485
8177
4164
9874
9152
8369
9331
1516
7343
1911
9931
818
2933
6860
7110
9778
6459
5026
3857
7091
8808
5861
5591
735
9847
588
5007
8421
6418
1476
952
7879
255
4487
6736
1524
9591
2865
6779
1557
7168
9048
9447
8251
3974
5083
4424
6019
3029
8104
1826
6771
261
1998
3711
6935
4885
7008
753
633
603
944
2210
9530
3820
5754
2643
9522
5307
874
8361
1756
3134
8943
7422
2672
3940
2759
6277
9675
6743
2745
7003
8881
2201
8118
226
1664
1128
8977
5053
4890
626
1157
7520
4517
2383
9292
4095
1650
822
9138
5552
568
8016
1256
556
9274
7809
9204
2069
8272
2949
7125
5987
3477
295
1525
1010
155
3612
4685
5158
6910
3846
5150
8586
3191
6702
4066
6517
8807
1503
658
8646
3855
2073
2442
4762
8081
3288
3871
4459
8221
71
6320
4157
695
4751
5335
3354
5558
4979
5485
136
8848
9554
5665
8058
3774
6557
5887
7837
4999
7617
215
7197
4500
4719
396
2657
3526
6522
9446
5756
1465
4172
2854
5205
1725
8222
7591
9968
152
6649
7937
7295
7969
9802
974
8537
6725
2423
2066
4385
5067
5998
7697
4531
1918
1879
1076
2680
2459
2082
2565
8916
3121
3366
9784
3584
2424
4263
5077
4316
9324
5325
6336
990
9117
8560
5175
8847
49
5422
5271
7766
2002
8816
3645
2358
5497
1250
3474
7991
6036
1021
9200
3615
1047
6911
7112
7428
4376
5435
8664
1030
1622
4704
5766
101
1807
8742
3311
4115
1161
7587
3484
5787
4956
7459
8508
6783
2388
7113
2296
9937
7949
1483
2599
3236
979
4291
479
5808
5590
809
3805
2057
146
8964
8703
7667
9079
8074
9174
5043
9958
267
2289
1882
1890
8975
7639
9697
5740
3287
446
5005
5874
5777
3675
383
843
7632
9740
3144
5631
5403
3282
4613
3559
125
1287
427
2790
2110
9452
7249
3130
1811
9436
3597
865
2025
4565
4289
1956
7988
782
7699
1905
1532
8616
708
1213
2902
1549
4660
193
236
5733
5713
2626
647
755
8751
4278
4338
387
6076
3840
8532
3751
4080
1395
9717
842
9690
6927
5111
8466
5828
5936
2744
7089
5293
7737
2648
9722
5717
2802
1238
4867
1787
611
1738
1415
5964
6640
7826
9876
1447
2354
1027
6685
5439
3984
4518
3614
6458
2813
8940
581
9842
73
9503
3500
8260
3860
6063
2504
7102
5478
7082
638
1484
8100
7738
3141
172
1663
8188
7213
3037
2483
5624
6583
2557
4445
3011
2181
2115
326
4878
1996
6453
392
8265
2050
5876
7406
2203
8280
55
3264
4408
4881
886
5068
7142
9465
6115
4537
7998
3955
6071
9944
5380
232
7819
4636
4927
5831
7457
8220
5786
2353
343
3450
4561
4772
7310
3102
252
6964
746
4304
6644
1117
2226
1583
2077
8354
9166
682
6475
1934
9939
920
4000
4777
7581
6186
8469
2392
6037
139
4061
1595
5583
4352
7523
2829
9102
8865
6528
2027
5774
6511
8231
4955
9918
7169
978
9891
8802
6286
9502
5445
8178
497
7236
8278
7079
9280
9420
2375
7525
5877
824
7961
5555
9972
550
1699
5465
720
9782
3610
8707
8968
1285
1313
206
8473
8889
6913
6367
6946
4083
3989
2331
5278
4798
2490
4801
1367
1357
7750
7864
8234
665
2045
425
9400
1692
1709
6804
8116
2869
8548
6785
783
1102
5976
8103
694
6571
8465
5051
9097
1160
1866
9688
9243
1946
8505
3854
2963
2196
8791
3966
932
6023
4265
6614
8706
9636
1786
1248
1443
3380
4497
8463
9981
6285
6843
6219
5535
7023
7890
4978
4377
2831
4381
9285
3798
3901
8043
111
7077
5696
7228
9208
8108
9461
6873
9147
7277
6306
8918
364
6544
8958
2418
7106
587
8879
6652
5596
5197
3538
4118
7728
8982
5505
1315
4784
3219
5459
3003
7661
8859
3437
4611
2275
2988
6016
5651
367
2125
6142
6492
2855
246
610
4963
1546
5494
8492
5249
7278
4409
8402
4272
8039
141
5699
7977
7874
1914
7380
8546
4626
2494
9333
953
7267
7160
2766
8825
8049
7123
6412
5146
6441
980
9382
3745
7521
9835
2186
2811
754
5981
5263
519
5815
9567
2737
6119
3283
2681
3954
885
9206
3634
210
2162
4106
3499
4865
1770
6400
6192
7136
4957
9455
4689
4714
2687
3067
7100
7162
501
27
2728
4285
6948
2845
2123
5790
5945
2881
5898
7606
277
6399
7608
9148
4952
645
5530
5742
7148
8207
6104
3202
3364
6486
1767
5347
5642
1691
6085
2548
3812
5418
1544
5620
8746
6751
4181
3407
7706
6805
3727
4544
4972
4546
6052
3227
9073
1342
2519
1519
1747
6704
3482
4821
2257
2980
4443
4557
121
3808
6107
722
6705
7976
7041
8852
7237
3193
9724
3206
7916
8882
4987
9609
5114
2642
8990
8611
5680
2808
5785
7070
839
4621
2747
9897
1990
9807
7141
5428
7208
8156
8523
8187
8970
5977
2539
3518
2711
9075
1283
5931
8530
6588
7407
90
5094
3321
6706
1453
6106
5296
514
4595
40
1286
19
9272
4099
9396
4323
8887
1760
9074
1928
7413
440
6335
4016
2212
5189
9924
5066
6253
5954
6967
6090
1877
8936
3082
1303
5668
3928
5495
9106
3309
4410
9646
7931
4678
1858
5752
9685
5648
465
3692
5446
2321
4529
8320
4365
1932
2971
2253
8004
3616
4336
7824
4745
9803
7088
4130
7171
4068
5170
6562
249
5292
1739
1748
7986
2282
6581
3351
860
3405
9610
7116
224
2533
4451
7599
5516
7464
899
9423
1536
5294
1033
270
6339
8213
4138
7453
8545
8289
2797
5970
2702
9583
1856
6689
5040
6850
1746
1335
6886
7402
5841
8403
859
5941
2792
336
1578
5830
4227
9021
5381
5088
1464
6838
7677
319
5658
7396
9481
2498
5467
6489
4378
4555
6570
5
8481
1468
889
4750
854
3293
8779
3885
528
4044
5994
6564
1849
65
872
2849
7779
6795
4176
6748
8051
8858
829
9718
503
2772
7997
7569
3957
2593
9019
9001
2396
8930
2592
4570
9903
9361
2453
5057
3033
7798
3995
518
4664
5835
5986
5659
5100
4325
1240
6836
7368
5415
9645
6242
8999
1319
1352
3073
1044
8676
8452
8690
677
3137
5143
9392
5290
6925
8169
6643
3240
4814
5525
4361
2061
5326
5482
5000
2147
7605
7410
4970
3893
8405
2754
2412
2492
124
4926
8398
3917
9056
1880
8506
1640
9488
1700
5909
9412
3749
3718
9830
7960
158
1432
2380
8945
8542
4827
4001
4127
8893
3060
41
5917
3059
5443
1463
1910
4311
6950
2138
9533
3789
7631
7409
2786
4188
9232
4897
3822
8014
103
8091
1144
8890
6224
2334
2674
8292
2103
512
395
8044
2261
6396
2607
4392
9405
8171
5084
5147
5825
7468
3761
5903
9284
148
6093
847
4049
2422
3709
3934
9913
8869
3605
5423
7184
214
7282
2906
7810
1393
5233
2098
4873
180
7411
9993
360
6846
6047
6525
2023
1848
6173
5295
3851
5394
9706
8926
2439
815
5125
7004
2595
5208
7970
7244
4312
891
9315
3212
7620
4450
1662
70
3967
7274
5645
7740
9763
9884
3950
4759
2777
8246
3488
9062
5655
6601
5788
2679
7490
3906
7298
5461
7517
1370
1766
3303
9899
3824
9785
7416
7150
8196
8336
175
8351
6246
4896
3259
4250
8748
6049
1136
1154
9725
4167
8809
500
4432
400
9739
5148
3866
1138
7726
8559
5076
9156
7742
9158
9337
6269
2669
5359
1959
9038
7918
4222
9762
8796
8036
9518
4665
5685
5434
3622
962
2430
6333
8148
8393
7061
6973
7063
7316
7739
5393
5772
738
7959
4105
7741
9336
1344
690
5498
9912
8743
4594
602
6171
6523
6559
1868
3669
382
9982
4673
45
8008
6414
4317
5743
6011
8101
1980
9766
8718
3268
5304
1588
4274
1775
7010
1783
5210
7026
3279
1626
2899
6179
3177
3892
222
5872
3701
8374
4243
307
9352
3026
1924
3782
5633
1173
2571
3991
494
1067
7312
7745
6164
5448
176
7367
4891
1755
4965
2815
7229
2995
7065
7570
2336
8563
2886
6135
4107
936
4255
5154
8528
6214
2403
5993
3818
4735
265
9783
4681
6032
6010
9368
1778
2270
8413
3568
4510
2516
7322
3778
5352
5622
4081
709
7930
6629
969
8332
4901
5711
7725
8539
3290
3052
3292
2850
7945
5947
5885
5419
7849
1255
3801
3953
4475
643
3247
5317
7646
1122
675
5173
3223
7844
8981
102
1171
9743
3658
288
4288
4461
4305
6181
5247
2056
9017
3149
9923
4701
617
9602
31
2767
6947
7456
7603
5807
4128
8015
9250
1005
6338
1086
6375
117
8645
776
8084
1389
2577
6017
7062
1279
2609
1694
5221
8341
4603
6970
88
1280
4283
8501
9164
7262
5559
1392
1234
316
7990
3763
2175
2582
9178
6303
368
7689
1547
1696
6229
3655
9707
7336
60
5991
7919
7806
2530
8826
9010
4542
7643
186
6732
4893
313
8601
2942
7553
6701
3623
8167
4637
4606
4598
5641
6477
2209
3069
7363
314
6784
8761
2753
5894
20
5015
5258
9367
2223
6855
4469
130
2446
9537
1563
3529
8824
7550
8533
9755
4418
5506
9457
947
7325
696
4551
9756
8704
6257
4454
5868
4883
3173
2934
8899
6101
2917
8153
2610
7775
8195
6074
7270
8092
1167
9499
3689
2266
3878
8556
6278
7665
3916
8347
3600
1801
4070
9708
4350
3668
4111
8121
5672
3050
5212
5523
2925
6356
1390
7734
1697
5127
4131
739
1110
902
6280
1007
6537
9356
9416
3439
9277
9696
8883
7896
9895
8304
4346
9694
6363
912
585
3408
3936
7476
9620
745
8843
1348
6227
61
2230
7707
7000
1562
9191
5065
3608
8057
6599
5402
4945
7403
2668
5353
2796
8588
2764
504
4706
2185
6821
4476
5078
3794
5649
794
6362
4299
2718
6035
2141
5232
5288
447
3208
9121
9877
4253
5099
8033
1359
6764
1829
1401
691
2562
6124
6360
2497
9276
3933
5166
2874
2343
5611
5690
5274
5884
9050
965
2017
6809
3775
8029
7593
1789
4734
846
3432
5016
1331
8938
4034
2088
7963
6996
9585
9562
3910
5538
4761
7027
9712
2818
2952
464
8007
4419
6166
5578
3835
968
876
2293
7813
3617
3769
1498
1913
2793
524
2733
7948
7952
3792
4368
4670
5248
821
5992
4550
7993
2165
2634
6574
8873
8543
2458
8513
2373
7770
4703
91
5737
1888
6058
5437
9793
6997
6169
4211
8144
7576
8557
3336
8440
9659
1656
2328
4248
6814
9003
9500
3297
1449
4009
244
6919
6669
3080
9977
8053
66
1410
8722
586
4886
5338
4087
2091
9595
734
8245
1077
1676
3720
6122
3393
9510
1927
3690
9394
6312
3305
4838
2909
6442
9278
5529
742
100
9137
6060
8716
9091
7414
5751
7756
2503
8316
3503
8321
2180
9366
7717
7098
8806
3395
7069
2434
8961
9780
3419
5211
3972
6065
3904
2417
1743
4616
5416
7366
2630
9229
9517
3319
6992
5601
7664
9715
3097
4132
5927
8237
6220
6988
2605
9642
2814
6152
2229
9076
9118
5810
2554
916
3993
8736
7491
8669
5438
2272
1063
1822
7811
6263
3534
5765
6248
2532
5462
7370
4515
4073
7135
4512
6027
7279
8064
6207
6162
8315
8902
529
5862
2438
7096
2652
4513
4174
1618
3035
1450
4499
9720
8527
1799
1446
3654
4809
6798
3417
8507
8855
8441
9660
9843
4855
2214
1165
87
6272
2208
1666
1013
9516
2449
4057
9059
7965
9875
7288
8939
9321
4851
9887
5008
5108
9911
4869
3673
571
8987
537
3410
2302
957
1328
3233
8864
7830
2195
4043
9330
2591
2502
3876
7759
1861
7090
4481
4137
7051
6388
8937
6683
9444
6932
2699
5200
1269
4050
223
2009
6680
4334
5346
8772
4271
7448
905
6668
284
7205
4191
9615
7575
659
5971
4547
2148
6551
870
9989
8790
8876
9269
4992
6993
9360
2329
1722
3834
4177
7326
6949
359
8098
5458
1955
4571
790
3091
2263
8139
8424
1893
4862
5239
683
8962
4662
8522
9490
3891
9419
4277
4077
6518
1994
3087
375
9495
998
8679
9671
4415
9813
2054
9015
5708
8756
1337
7709
9638
3773
1216
9311
9570
2913
6470
3705
4180
8494
4919
3266
1904
774
9951
4300
3356
3299
6290
7031
806
4536
7795
4
2387
2713
992
1825
1170
9557
5634
5193
147
6276
8388
6067
525
5837
3796
2734
7104
5106
7710
5426
4284
1026
7729
8821
893
8461
1060
4339
4093
8651
5532
6359
1323
5647
3737
6666
6372
7226
2897
7434
4175
4303
3843
416
4007
7592
2921
552
6530
6978
8462
8384
8451
3154
770
9020
1791
1527
7944
517
4560
6480
9165
7426
1354
789
996
5266
9363
8550
9976
9228
7471
1363
9695
301
4813
1147
4816
5783
6735
8715
9836
7195
4465
8749
888
436
2071
9521
8624
4998
1828
8019
5061
5639
4618
1065
2856
9353
33
1396
5164
5923
1242
2518
362
9995
8659
4226
8490
3462
2730
7767
3886
5496
337
1794
3222
1440
1871
5356
4996
1969
6439
6084
4207
7882
9639
2357
8652
2892
1570
7118
2325
2146
3585
2842
2080
5469
2379
7508
2487
1719
6895
8460
279
63
7877
3170
3093
495
1066
636
1166
5539
2332
7496
1345
3963
3239
1276
8575
1343
5973
4909
5796
1837
2775
93
3560
7462
8142
235
1083
1251
7655
8063
6464
2142
7246
1289
7092
7938
1260
4493
9870
9238
7688
3205
2143
6260
4545
1006
6390
2256
3894
2875
2313
3531
7430
1413
3551
4918
8034
179
7883
2231
3316
5116
1881
3980
9953
2700
7481
7231
6770
5225
2749
6429
4806
7180
2922
3704
3461
6650
5110
8209
8648
895
1300
706
3790
6334
7199
3552
1876
1763
6782
4698
5784
3257
8866
3495
4730
7897
618
6145
7443
444
9265
239
6233
211
7551
4578
1152
7501
970
3126
1509
386
2348
8994
9084
7613
8912
4219
7757
2891
3459
5597
2402
4379
8819
8355
4239
5610
3776
2401
4932
5946
123
7477
4676
6170
8877
1836
3349
5527
9654
450
4154
7649
8286
6468
5059
1903
9297
7156
4563
7210
2870
5878
2619
9388
6368
208
622
5721
4690
6046
9767
1514
8956
5886
4966
7255
1394
574
9825
3258
1867
254
7731
3922
9962
8373
9498
2939
4700
2801
3657
2174
4062
3603
8470
9053
681
7921
5644
7163
3162
7007
4844
3262
8566
3442
4005
2746
660
3308
7869
5762
4037
4371
7016
850
7912
9343
472
82
374
560
8697
4182
7785
3574
3012
6131
657
2238
5829
2572
4276
4456
2219
4302
5969
2315
8946
9934
9616
731
2716
9126
371
7445
2428
8509
3384
1353
5398
92
8584
1949
5821
943
4747
2536
3540
5075
6250
7140
7446
4579
9397
5014
47
2871
563
3959
6851
5433
9964
6068
6937
4755
168
6952
1438
7025
2301
9664
4836
8724
2614
3422
7212
1291
3385
5052
1074
7692
489
6793
5318
1029
8792
3006
8270
5218
4281
6002
3058
6677
724
8348
1146
131
7884
1728
4441
646
2117
4039
7087
5818
8266
9346
5744
433
3575
8682
5739
4503
405
4934
6977
1830
9275
7549
2545
1085
7611
5975
3663
5252
6228
9529
6381
209
4033
197
323
7799
664
7261
9052
3639
8158
6374
6658
6406
4091
7644
635
8080
2661
7818
1184
9092
3123
7827
3181
2819
4588
1338
2890
8928
9705
3425
6137
6892
931
8714
5132
3194
652
949
4942
542
3005
8028
2840
7395
5182
3345
716
594
1964
1114
8037
1164
217
5561
9399
1292
9751
8026
6681
2265
3468
2246
8135
9012
1050
705
3710
3265
4193
7513
9350
1119
2355
9214
4572
3
4946
5302
4347
9576
1398
161
7487
5794
7024
6830
7964
5865
791
6448
6842
7442
4768
5568
3679
6376
1864
7304
1631
3520
1137
831
62
1131
9539
1941
882
6827
8894
6933
6547
1163
3400
4101
9684
6980
9231
1424
6003
9466
1436
2732
8804
7624
7573
6484
2324
1899
7690
2191
7628
759
7872
4375
8263
5511
1268
2946
5152
966
7578
4717
2715
6859
3090
7825
5541
6175
9042
3637
9727
2346
5572
2867
7536
4524
9563
4267
1294
1430
7153
3301
1243
3369
6324
6254
3180
5329
6940
866
4394
1607
9626
2113
911
4259
6620
1228
2729
7564
5626
8934
4959
805
1134
5190
5657
7347
7005
4477
4136
2945
9603
908
2601
4696
3401
4306
5635
1991
9031
6420
2172
5849
4651
7524
1336
8391
276
1183
2092
7724
3244
7011
7058
1420
3903
9302
9435
8568
5916
6409
7691
8162
6637
8306
1962
9799
338
1561
5575
6503
5695
3785
941
9477
773
16
7181
8925
3982
330
9738
335
7335
641
3965
5432
2694
3700
777
1229
2318
1042
9574
9161
3420
7399
3889
6573
976
4938
2031
3225
2604
5895
3300
5167
8886
5566
5574
2170
3548
4871
6426
6890
7155
9601
3549
5120
3341
7217
7461
5349
7243
718
7671
9088
8677
8193
435
2099
5283
3018
9139
1982
3152
3023
2136
3537
8820
3291
6534
4856
481
7372
2541
5540
3528
8377
7504
499
5593
6532
8949
634
9661
6597
2128
4422
2529
5606
7451
3355
2820
132
4017
1936
4597
8123
1059
1402
291
9099
7486
1657
5339
9458
4558
185
6358
2360
8829
1589
7019
7987
488
9858
5968
5793
5431
5528
6471
466
9355
3427
1460
1199
6030
868
402
4344
7275
4022
6061
7172
5836
6462
5242
7939
6924
4084
9721
7429
372
1305
6596
3234
8199
1580
6811
6741
2779
1515
7290
8242
487
3530
1019
1310
126
6348
109
7358
3523
6697
9856
1953
6506
6204
5579
8017
8952
8573
1097
8031
8375
7666
445
927
1929
863
7805
3307
1926
8685
9665
5709
7394
6040
9406
7571
1502
9451
1680
9241
584
3971
2509
424
3895
3651
637
35
8180
350
2053
7719
8380
3621
883
3674
3723
5974
7865
6326
6114
4004
7529
1112
4367
5262
6022
3220
1690
8202
3215
8702
6108
6496
3770
2160
4399
54
2258
2420
1506
5856
3786
7408
264
6205
305
8649
1254
282
9855
9024
8067
6383
7505
7927
8992
6866
9568
7166
5049
2467
9072
2622
1827
9528
4549
7224
352
523
7109
5694
4638
8911
3127
3027
8194
1921
4532
5852
8318
5389
3221
8979
196
4296
3036
6025
9295
6526
9791
9364
7248
8415
9547
2055
5521
5370
5324
4294
7379
5348
8488
3452
1762
5019
3809
4195
2581
6835
2032
7060
183
795
6311
118
3198
6167
2225
2991
1053
5719
7856
6315
9577
6956
266
5486
4933
557
458
3682
5117
5551
869
5942
4430
5391
8842
198
6694
7911
3237
2663
4102
1518
6828
3829
8711
8442
480
3250
9004
9130
9036
4783
3254
7924
7436
8609
1976
4150
9566
157
671
2058
7356
2397
7801
250
6591
9792
6521
5838
8627
4523
6148
2437
9207
6416
423
9401
2650
58
4780
50
553
7528
6513
1084
4995
7315
1781
1764
8203
1885
1113
8399
4452
6097
2883
8127
6676
9550
8783
9041
8175
6857
3323
8010
6141
5336
1028
4937
2410
7694
4103
702
913
7266
3201
7307
3169
441
1708
3697
4439
5277
2414
2880
7812
4850
3284
8766
9619
6398
6500
7994
84
6292
1537
3230
6839
4656
5723
1974
490
3088
6611
7164
8468
8438
348
9787
6633
5062
7588
810
6936
6436
7626
924
3724
3285
128
9371
9820
3224
470
4113
8499
3793
4030
2072
156
7657
18
1089
1320
5185
6773
551
6495
8862
2671
1988
5625
4917
9427
6310
1332
8892
9752
9730
6410
8073
7057
9814
5275
9216
9209
3053
4623
679
9296
2556
5332
8948
2150
3748
4455
7012
1821
6302
491
2114
8417
9808
5627
3362
468
3363
2001
566
4514
8253
538
5037
3656
269
7788
2693
3255
7764
4533
6073
5027
3914
6929
9932
6806
687
9374
2684
9220
6497
8660
5908
5688
4069
6387
8875
5198
361
5475
3496
8549
9656
3155
1297
2639
2526
5776
2882
5017
6318
3083
8235
5360
4235
3479
7531
8640
9082
1703
5961
4158
5430
2342
1441
3045
4535
6347
6446
6082
3399
9832
712
1482
6200
5357
3489
6393
7687
6757
7560
8963
3098
672
5939
4973
7711
8812
1271
2662
8046
4746
9081
1632
3662
640
4962
1623
3111
9571
8853
9801
1092
2641
6657
7752
4223
1412
2033
6994
7982
5411
6524
8841
5802
7193
5047
1274
2233
3476
5240
9235
2964
437
7792
4286
2505
1817
8409
8433
8973
5501
6154
7898
2660
3295
8174
3977
4725
3516
2295
9896
4849
2333
8729
5867
4396
3519
8599
8448
381
3732
8334
9203
2948
5995
6731
5888
2316
6899
4680
5491
3911
192
1724
3941
6163
7131
9061
6389
4209
5932
3471
1318
7633
6256
2068
8480
7511
6081
1194
6584
3024
4100
8504
4170
6645
3752
8290
3448
6617
3277
8800
6635
8980
5960
4040
1919
7980
2799
7672
2640
6941
3880
6247
9837
3636
7790
242
2371
6174
9821
4569
7781
4433
4652
8732
6713
567
2852
397
2386
5950
6875
8515
4612
4358
2750
8830
9449
2310
8750
2537
4976
4290
9404
2506
7418
8814
3613
1642
4236
3819
5520
8228
5344
5943
771
4819
455
5181
3310
3156
4715
9999
1003
5675
5782
4800
85
6621
4104
3671
1428
2885
4991
7014
4324
9096
3783
8314
4791
9188
8397
4464
6554
3619
5174
1721
6206
8491
1854
4109
9746
4257
2471
4413
2245
2448
6788
6172
7625
2857
1182
3684
3626
8474
7555
6241
6054
8437
96
9429
9612
9949
7264
1975
2763
704
6854
6128
257
7899
3845
7708
9527
4012
3586
4669
5472
4709
5863
1496
9759
3030
7876
7475
1205
1427
9067
1055
5547
1935
104
650
4393
5464
8244
6345
463
2589
2079
803
1124
432
4048
4036
6450
8863
9131
9157
8915
7786
4152
6775
8567
779
2918
9215
5224
985
426
1133
4309
7151
3716
4490
4213
6975
9066
1295
5104
2926
5901
2846
2362
5882
7676
5024
5760
7324
6878
8283
2658
2688
5417
1671
2756
6083
2015
7905
4577
3101
6252
4398
9867
4900
673
8620
5298
3318
36
6045
4505
8435
3838
6366
3186
8626
5982
4947
2129
1407
2981
3759
9935
8025
2943
8311
4805
3131
332
7387
4055
1195
6160
3007
4089
1945
6870
2035
6957
6578
6298
7130
4929
6550
8782
6999
3167
3802
78
8387
6259
4848
7066
8998
5693
8335
9996
7858
9777
5029
6288
6672
9132
9185
4019
4321
5677
9393
7669
8618
2866
7612
2118
7751
9370
4453
3158
9313
3849
4052
7050
3281
4528
8524
2064
8667
2527
3113
5681
7018
3348
2893
5599
583
1376
304
4540
7484
7329
1909
904
656
8072
8558
7042
1729
1641
3707
8954
8868
4877
5023
3371
2710
8531
3217
5178
1872
4663
8300
2285
3013
3298
3937
6111
3041
5334
4353
7568
9514
4387
72
3433
8205
9635
3039
6415
9403
6221
3498
2019
9327
5951
1324
453
3990
7355
2914
5822
6014
6909
1779
8615
2463
7540
6624
344
4538
2284
2441
9901
1723
6630
8075
3757
4363
604
8733
8759
532
8186
2012
6208
6279
864
8275
241
1281
2743
1693
1262
1984
9431
5379
915
8799
2340
3347
8699
2390
9713
7344
2608
1474
8850
377
9248
3592
6195
4941
2455
3324
8691
2703
7385
642
6217
8633
5035
9606
4649
7913
9244
2957
5033
2416
3677
8967
6844
5109
8571
3859
6051
5526
668
3084
7034
2475
2888
2443
1648
1823
3691
9145
4811
6918
1151
2461
3112
7926
804
3744
1374
5436
8279
3514
1707
1698
3641
8628
6493
373
38
7179
1126
2493
3788
4421
5846
6569
3983
9734
9080
3715
507
116
986
4699
3375
8554
6693
5194
6568
4198
9032
4654
9611
6159
127
3182
2635
5678
419
7712
3958
7122
3100
5192
7582
3750
4147
384
9030
7852
7946
6102
3865
2510
2512
9775
8204
7559
3178
6556
218
4986
4056
3653
8874
580
302
5246
8861
5726
6734
1226
7996
5297
5073
5463
7985
9828
1259
2583
1653
9045
6385
9344
9217
2696
4200
7242
2248
1602
7886
9468
452
2520
3767
5758
167
2415
7863
9287
2507
1610
119
7177
6313
3884
5892
3015
9322
9812
3044
572
272
1554
8367
934
7746
8572
4444
1355
1550
6715
3213
775
3387
4574
6692
3627
2665
7251
7936
3502
476
8991
1416
5081
5383
9561
1912
3853
7161
4370
6888
958
7482
1155
1674
403
9702
4124
3841
5291
9513
6552
6494
8404
6121
8416
4712
6161
9927
5384
2667
2374
2722
2552
1159
5795
8993
8454
7357
6331
2083
2970
4643
8741
9608
3652
8308
4753
8223
2810
6762
2930
7975
5761
6044
8908
10
9747
6813
9294
7165
1308
3370
1846
4516
6319
2473
8895
3404
7512
4797
1301
7534
4961
8087
1637
1603
5615
6885
6959
1217
8927
6342
3594
8324
7574
2337
8138
9535
2200
4466
9270
8483
3261
802
6670
4786
1596
4310
655
2501
5673
648
7761
9691
3143
5316
1616
3057
9195
7929
2339
8631
151
8364
346
4343
4655
9136
8422
2189
8769
7718
2726
4197
7190
4244
7808
3899
7107
5905
7341
8904
3438
3114
8520
6364
6671
6392
8785
4355
5967
6212
7702
6577
6642
7301
1109
5736
8159
9425
2440
122
7979
5701
4429
8701
7328
1761
8090
1142
4828
6394
5319
3739
8534
1820
3140
3344
5113
8062
5273
9018
2470
2916
8583
4756
3211
3357
6482
7834
9471
1686
9334
5050
961
6877
6465
1782
7327
8198
9543
8147
8995
4876
6340
202
2993
1246
6033
2827
8511
1419
1718
3581
5087
2043
4242
2005
6234
700
6879
8113
8565
3926
6190
760
840
8129
7678
9573
5661
4807
4008
9532
5107
9146
3826
2382
4702
233
8027
6727
8453
5188
9437
7561
8737
3647
1096
6575
8155
8329
554
2047
8190
2078
7704
4047
4724
3125
341
9071
216
2183
616
6546
8653
7047
1517
3508
3274
2620
3998
3924
3869
6079
5667
6132
7247
2486
1455
7392
3678
6768
1339
7807
1334
4586
9624
6461
9428
6797
686
7881
2954
4944
4908
3490
5621
8917
5215
449
1533
2345
4799
5259
8955
9593
6297
2689
2095
8482
6722
9103
6902
273
6696
4758
9859
8224
1592
5812
3414
6151
7909
7901
6853
836
8392
5186
484
2778
2432
6216
1239
6991
1403
7465
834
3470
8960
1558
1744
6625
3153
5406
74
1870
1025
8650
237
6136
3110
1677
1741
8385
1479
4847
8728
5716
1049
1840
9827
5300
3214
1273
3163
793
1361
5375
3150
8370
6912
8686
8587
713
3464
8201
3340
6832
1636
8168
8346
5149
6158
835
6244
5101
5345
2158
6483
3460
2523
9588
5848
3436
9159
7338
5080
4295
1267
9980
9582
1284
4372
4315
6542
1485
3276
3429
541
5133
4199
6826
6789
7339
6198
5773
3900
9226
1120
9264
1643
8885
830
4802
9914
5833
5168
6634
205
9085
9869
3997
9846
9735
6130
7673
5679
6056
2615
485
160
7479
6041
3513
6983
6062
9123
2644
3376
454
8897
4744
9794
1481
9390
8738
358
7192
3831
1937
8974
4228
3550
8192
4682
4292
195
6529
4953
285
1341
2739
1841
750
380
1665
7878
6425
1075
6408
5598
9112
8832
4140
3858
6139
1052
4657
5201
8619
8299
6585
3028
5676
9627
2227
6191
7105
6730
5504
5371
6215
5935
2051
83
59
7848
2216
3382
7420
4589
7744
6901
9662
733
6499
2084
286
4924
5873
7152
9824
4575
1098
6153
4741
1577
7433
6156
9765
8784
3412
3898
8878
8489
6567
6454
8788
6742
769
1475
2101
1687
743
2736
376
8439
9970
4142
1555
1874
6029
7797
3814
6765
5034
6711
9889
5195
9844
3539
6478
8030
6772
478
4010
2794
6607
9027
1535
2139
2990
9348
3204
5282
1487
8574
6371
3852
259
2969
2826
8655
1843
2482
2020
8444
6066
7793
5727
3611
4584
2540
9134
9095
8602
5408
946
9181
4658
7842
1383
7258
5474
1673
2979
4653
294
9806
9329
6662
6271
1594
5140
7207
6018
3063
7029
871
5704
356
6767
7773
4721
6654
5241
2549
5385
2524
9954
7035
3881
2999
9233
2323
2039
2623
7614
3048
7833
1780
9306
4320
3596
8613
8726
1599
2940
9886
7787
1233
4436
9745
6055
3328
5518
2372
2232
7893
5245
8712
4134
9920
7071
2616
4722
1906
2464
5570
8794
9093
3434
8978
3909
6232
2834
3021
9114
5045
8032
6778
2633
9888
1350
4269
6064
7375
2076
9509
6196
7733
2182
1522
6684
2197
5373
4905
1116
1736
6501
5257
1454
9629
940
389
1433
7533
7211
3200
3124
3406
1162
5985
4279
2585
3151
9033
511
4169
1223
3887
5362
6435
3229
8725
4988
4983
7629
2896
7885
6686
2873
797
8535
5546
4853
9426
9043
4318
1635
1689
5827
7684
8089
6488
6679
9798
7658
7400
6563
6627
3541
9942
6626
721
3136
6763
8984
2273
4420
6587
6155
1951
7038
8151
1902
4096
2655
4993
921
8815
8935
4266
9251
8965
4608
43
6527
9433
4098
486
2122
8076
6369
2851
8112
6896
6210
6514
3746
3557
6357
8610
8867
1316
6516
8920
7780
7191
9144
3951
10000
3729
2894
370
1815
9594
8200
1869
9862
5487
4112
2085
9788
892
8368
9589
9719
9391
4778
9507
9536
407
2393
9748
5230
1800
9625
89
8447
4002
8105
129
6539
3555
828
5603
7046
7854
2326
1685
6476
1639
2338
1851
6820
5105
7859
9288
2394
2028
2697
5176
2670
5254
5177
8594
1490
4437
3017
2986
4882
5330
8636
201
5390
5594
9176
7822
6884
3629
7917
5543
2803
8552
3624
7377
8240
9973
7853
1806
4051
9290
1041
1740
573
1733
4065
8484
6402
9649
7705
667
1891
1384
6231
816
7645
2042
9385
3467
3072
3722
7554
4349
8888
906
94
227
1617
5922
2145
4027
2654
3184
6317
363
5160
4194
4165
5374
3708
4868
2205
6469
7616
8344
6245
7782
5513
2093
3695
289
4331
884
6337
9893
6379
7545
5893
5703
1855
6837
9990
9252
3378
819
496
9898
6300
6134
808
7567
878
7543
6744
140
9258
8903
7121
2406
5191
1462
1923
3816
7962
4580
7503
9006
8787
977
8857
5853
4234
8406
8959
3138
971
533
1862
918
4773
7360
6293
8771
5021
1819
240
3061
2587
8322
5314
1002
922
9768
9470
8630
715
6481
5745
3019
1220
2835
7674
2903
4736
1192
7176
9141
369
9710
3096
8333
6698
9666
7860
3601
9979
8035
8623
1788
5480
7498
2998
7154
5010
7840
5531
2910
3738
110
6370
1247
9160
9984
3517
6914
3418
9116
9559
5747
6664
8131
4495
2190
3919
8305
7713
1442
6580
474
5358
9395
933
9304
2931
411
8786
2254
2683
7144
6561
8096
832
8818
3544
9840
3949
1539
7306
8621
3764
8330
8585
1099
9905
8097
4614
5018
786
2904
4025
5904
1388
9358
9560
2224
5342
2306
5955
4119
7068
2725
6401
8372
2037
1508
7891
5267
8389
2086
5944
8931
9548
4817
4854
1237
564
2400
6579
8001
8107
6566
7562
2279
4835
975
5554
9496
7777
7354
1754
5327
8643
4337
1312
5565
4980
5988
6889
7345
5595
1765
2937
8692
1963
7497
6738
9454
4644
2168
2714
4491
6615
549
7043
2395
8191
7221
1501
7855
7832
1225
6829
7178
4225
3055
9202
2677
4892
7992
8773
2538
2847
4765
9037
1365
2567
5801
174
2528
1425
4192
2606
7129
3174
575
5368
1993
2928
2179
6188
2167
8941
5780
5425
639
6354
6140
4216
3497
8479
6507
967
1088
3712
1062
8418
4204
9464
929
9242
7149
6939
5791
3455
2036
6990
8382
2405
4617
627
3929
7083
6653
7350
6440
5216
8503
6540
923
6498
7892
8871
3329
3342
8238
5804
5824
2426
8009
7978
229
669
8211
9890
6938
3159
982
1211
4823
2821
8471
2929
5237
2460
9054
7337
853
2444
5510
7099
9580
8593
1470
1368
3076
5003
14
5169
4530
2255
9680
5581
1883
5013
7194
9643
4298
8230
4967
5732
3480
1186
3921
8130
388
2303
3466
3687
1925
2176
5930
8997
9700
9941
4779
4914
5404
1193
543
8976
9921
9644
2016
8851
5560
9180
5179
9257
6187
7816
8154
5775
8838
8947
5032
1628
814
9402
6560
162
3591
2586
256
4647
4931
6283
6332
4482
9459
7076
6505
5730
4509
9943
4485
5778
4032
8013
8106
4397
653
3787
4718
2377
9938
9668
3992
5741
6449
2598
7640
8339
144
2247
623
7137
849
3251
4789
2252
1614
1683
3243
1145
7450
1176
1961
6761
9553
3960
1939
3360
182
3577
324
2308
6309
77
6848
9692
6094
5937
3875
2007
8612
3368
4732
8176
6466
2163
6541
873
6740
5653
8310
5779
3389
7369
3670
4677
8972
290
5056
8212
9542
9460
9632
2144
6603
8146
6438
3426
5455
6239
4693
1078
9501
1597
3978
6086
9271
5378
3815
7651
3166
751
7829
3241
9515
3157
9312
5542
4013
6349
325
1839
1796
8423
9266
6373
3032
593
4787
5395
1340
2154
8845
7115
6647
2119
7680
439
4925
6720
8589
7609
7452
7424
9386
7623
9107
4552
5310
5763
8603
5515
5159
8069
4619
6756
8900
5214
1520
5799
1652
7297
1634
1992
7265
2723
1753
8740
4687
4159
8045
2228
3649
9129
9994
2645
707
5768
4308
7956
1017
5640
329
8642
5397
4313
948
3492
3056
1180
6133
9476
4425
7045
7662
8658
2573
4472
8109
7074
5321
7232
6699
6719
5054
6916
8255
6249
4388
3543
2691
7908
4716
6129
1916
5187
1654
8085
1125
4186
3725
5670
5137
1314
9064
3106
6307
234
6258
6618
471
1513
5012
2817
9569
8023
7843
3964
3304
459
2356
3129
4659
2788
9456
2421
3606
2206
4354
7421
7260
7558
7182
3397
2724
5834
3735
9268
9997
1551
780
4431
1307
1444
9544
5490
9988
2956
5313
7500
1601
3521
2843
4230
4486
7518
991
8569
6590
4596
4071
765
740
9957
3665
811
7444
903
6769
8774
3379
2264
3607
8161
1647
1327
502
6403
2408
2221
1510
741
3335
1556
6691
1795
9472
5340
247
9853
2522
4423
2274
5514
4639
1735
1417
3306
4020
7365
3939
6189
8291
2062
7455
9218
8768
2603
1404
8849
7589
7447
2887
9089
7303
2812
6434
7906
7768
5079
5165
166
3104
422
5450
4581
4059
6112
9479
2647
1576
7294
9077
3766
9342
1668
984
4812
6391
2757
7857
8276
6802
2059
1014
2515
7305
6707
1061
6623
5222
2653
8313
6431
3975
7851
3784
9378
4428
9910
8197
7033
9850
3837
942
5769
4094
2121
4156
2923
2795
1889
8227
6330
6675
1798
4977
3115
7437
3457
3743
1938
9227
1215
9701
8909
1325
5305
6963
4609
2564
767
9578
6428
347
6739
3867
1241
1139
1529
2955
1321
1579
1717
749
3249
3945
4141
3913
7951
4622
3882
2832
7831
2936
9162
7954
9047
4585
4470
1712
9034
2958
2268
3353
4097
576
7138
8665
4831
7276
5476
8277
9384
7
6509
8226
4086
8914
654
2151
6966
5823
3000
7765
303
7214
4863
2364
6661
7159
3740
8778
5912
9857
1008
7431
4601
6343
3271
5636
4327
1892
8126
4145
796
6632
8337
9133
7868
630
1681
8721
8555
711
8414
1534
351
9179
851
7845
2590
7362
7584
8455
8094
6038
8061
768
3688
6887
6974
6275
7036
5009
5396
3010
5934
5090
8763
2004
3731
8674
3754
9224
9236
1118
164
9167
6225
3768
8307
9197
2798
3553
8319
1749
5749
1046
8689
9618
3302
5957
7871
684
2024
7981
9154
9060
1758
6841
8754
8596
8297
8249
7526
8797
4229
3415
5386
2081
7284
4168
7943
4519
4915
8183
3902
8668
6595
5311
7299
5757
8054
9058
7686
6688
5949
6463
3923
3085
535
6984
434
5534
6110
4903
867
8605
9201
2489
6301
9952
342
2872
9726
4434
3346
6294
9142
5060
1943
1023
4605
9028
1507
1658
1950
4887
661
6586
245
7537
9592
3804
2597
3579
8581
429
7132
909
1859
522
703
3969
7663
5705
8529
5617
3868
1842
1727
3014
848
5880
308
2217
6787
401
4559
2755
9443
8430
443
5229
6183
6774
7319
1174
7915
6255
7466
4790
5637
328
7398
3618
2569
7601
1456
9834
6801
3554
2089
2112
7469
9854
7423
8338
4252
181
963
7983
6059
4615
9187
4386
6589
253
8656
145
2911
6709
9655
6
761
8734
3582
5906
3413
4064
7634
4166
2389
2404
9414
5180
4206
3218
8496
4950
8898
2994
8401
9057
6954
7563
1565
5643
1148
3491
3245
4078
9389
7308
2576
3094
3742
2858
2131
1399
558
7419
5847
2299
4740
1227
1917
3441
8173
6673
7760
7542
9255
1679
2686
6810
8942
5420
6593
540
3667
6305
8798
4492
5859
5738
8408
5924
3331
1181
5315
5607
9169
1620
4247
2950
2720
841
5669
7552
2544
1333
9936
5899
4843
7803
3188
6817
9326
1070
5962
4910
6460
7318
9213
3374
173
7302
6545
3365
187
3231
4496
1322
5646
9487
191
5022
3252
3145
134
8919
7935
1832
7546
7346
6077
3681
9658
9140
3359
7493
4852
8526
2830
6760
4023
6930
3563
7359
2425
6746
7499
6818
3728
1298
9678
3736
1091
2447
8233
772
5235
3635
8395
6185
1947
8326
3253
5940
6421
3758
4390
2021
3848
2542
420
813
1457
1035
2853
4400
6350
4688
1930
1661
2317
4018
3315
539
9151
9109
9878
9177
1986
7735
6962
8436
4906
8606
3043
97
1317
4446
6445
150
2868
6365
879
7681
5454
7086
6209
3235
1202
9790
9168
1106
5850
7378
3246
4692
5798
3256
1356
7317
6989
2240
6096
8675
2500
7572
2
8241
3680
3578
4994
4501
5997
8323
7814
26
9375
9323
5096
8429
1948
1745
413
7241
9597
5919
108
8232
1203
546
4053
1838
8011
2074
1850
7958
9387
6781
6072
2862
1219
8880
9804
177
2782
8681
8358
9013
4633
320
3493
4395
6182
115
5155
8038
4473
5006
6265
2584
5687
8301
9737
4231
4695
9149
8514
4667
1168
8518
8719
527
4467
7361
8872
2961
5966
9469
3604
7544
1169
1734
628
2791
2935
3659
8907
98
7002
5044
4650
3970
3139
2975
4463
2235
6001
2030
412
7714
2116
4757
3463
7334
9637
8758
5028
9369
2920
1896
9022
2041
7701
7928
6903
7925
7595
3946
9919
5449
4592
7364
4232
2701
2488
4382
6908
3817
2244
315
2859
787
4155
3948
3666
2836
4366
2018
3197
8457
5702
8517
7314
6127
8407
5544
9418
4479
9473
6008
7675
5025
9564
1792
9376
7548
4697
9795
3821
3487
4731
1711
7157
6790
5746
515
6316
3238
7700
1875
7124
3931
8449
8456
4117
1461
3888
1382
7218
7947
6631
8115
1895
9347
3232
9971
3449
8846
7081
4948
1705
1777
7817
4256
938
7196
4449
2171
7870
5134
7412
6419
190
9409
8149
5488
8134
4795
230
8141
1670
7747
9478
7376
6456
6240
2385
1559
1512
6960
6780
2771
12
438
238
9556
8475
6847
7427
1064
4884
1853
7772
2271
5883
9198
1265
6576
2731
7185
8345
9833
8256
9815
7187
7967
8521
4921
5897
4238
4171
107
6928
9508
8394
8446
9480
9485
4564
477
8678
1045
1704
2695
1605
2781
4426
4691
7001
5220
1530
7670
2656
6080
2712
3515
9555
5948
7720
1971
8236
4859
8317
9035
333
5557
7941
2003
4880
5020
1101
5361
7280
2751
3943
2067
9101
4968
2267
2708
8120
5582
605
2800
5213
2479
7114
28
4767
5097
4502
5457
2204
3890
4205
8625
6150
3453
3330
2130
8811
8217
1015
2370
2311
6926
7514
5284
6222
7120
5145
6969
6598
1695
3263
960
7914
7597
9415
1056
9113
8328
7143
6267
9541
9811
8285
2105
4483
1907
5548
7507
6304
2559
4907
7460
9902
8497
7474
9065
3189
5002
5979
6753
3008
3527
3334
1540
3981
322
5706
4360
631
9016
981
3511
590
8735
4543
1080
3703
3267
3396
9328
2682
4273
9960
9489
9885
2525
2706
4794
3142
6314
1012
1886
3447
919
3908
7348
7758
7127
5069
2758
1884
917
5592
6057
9809
928
2841
1960
5589
4494
2787
2290
5854
2161
1720
1566
8757
7494
2435
2090
6678
1373
7999
9318
8781
8923
318
3633
1275
8780
8629
6894
1979
3411
8464
8639
274
5103
2369
2199
9357
6382
9008
5753
5202
3485
4975
3874
930
6116
5619
2184
5500
3327
7754
6845
5388
3713
4003
9558
7723
6013
9991
8510
3609
2159
5123
6737
3799
4686
1257
5710
8099
2177
1306
547
1523
1058
2433
6796
6223
8663
8647
9640
1857
9345
2941
5483
5058
1071
676
5686
6395
8795
2065
228
309
8293
1672
8420
817
3016
461
8262
7910
852
6659
5121
5952
1188
569
3968
7188
1477
7580
415
8985
7017
2596
7600
9538
1221
1366
3431
5468
4737
7922
9769
3509
6095
6089
9163
4935
4435
6273
3944
3481
48
5162
6034
1804
910
2983
9424
9525
6612
9703
4293
4160
5481
142
6430
719
2740
5413
6291
1863
4826
2967
4014
2651
7679
2839
5228
6558
1638
3932
9173
9254
1072
1290
8352
9634
6955
2752
4610
9959
1437
2075
6411
8673
8472
6353
9679
2351
2192
8570
7085
2997
292
493
509
3338
7888
8386
6039
2153
2341
3312
9222
6605
3095
8608
8486
4402
3322
4954
6982
3226
2543
9657
5588
2825
2269
3403
5734
5550
2618
2717
7285
9925
1833
9262
6862
5817
1360
7828
3020
2879
1730
3545
4498
287
2436
7186
6807
6467
6199
621
7695
3994
7763
3755
4648
8360
1970
8884
2561
1299
2823
3179
8309
545
7652
334
536
1818
6087
9283
1264
2932
1790
7292
7485
3004
9320
6792
3547
6194
9742
1093
3856
8284
6812
9926
7506
7598
8836
1894
4221
2513
1175
3074
1731
3683
114
5509
6377
9083
1978
6604
7389
1900
6325
5914
8551
5820
4328
6397
8185
2919
8082
752
862
5280
8184
483
200
4913
5333
9683
2563
3830
2905
321
3524
7117
13
5902
8827
5129
5447
2704
8671
2188
2454
7577
2968
2063
7215
6667
2499
280
8996
393
612
3092
792
4748
3747
7541
1586
1429
632
6616
9623
8495
1660
1491
6871
7539
7021
615
9947
9653
7272
24
1377
5556
6520
263
5410
8250
6718
357
6346
4345
5632
482
6799
3561
8020
7621
606
4974
1644
6874
1564
1613
7880
3979
9770
8833
9127
1218
4210
8933
5095
4672
4775
4861
8536
5387
2864
4729
8458
8302
2612
8070
2555
4319
1421
8434
221
9380
729
3630
4251
3107
3275
7638
7111
3506
8478
3862
4261
2312
2833
4139
6651
5131
7286
4067
7022
2429
613
1214
4583
2962
8590
697
4153
9551
692
6636
4793
5268
2314
6268
399
5261
2521
6143
9046
414
5729
9744
2234
4911
7703
1011
2535
3650
1034
5098
4539
945
8325
8695
4126
8770
1511
2102
6296
5915
6235
1627
2860
9182
4185
9599
7989
1774
6485
6053
6833
6455
3146
4803
8428
9381
3925
3108
1204
4480
1831
8988
3248
5203
3440
8331
2478
5580
9000
1528
2445
9992
6238
7656
9086
5392
3920
1435
7635
8969
5869
6538
1379
15
2120
3535
4951
9732
6197
5809
3771
7660
7259
7201
8172
6103
1282
812
8296
8730
714
296
6147
730
9111
7530
6766
5569
6078
1123
8516
8775
6423
4508
4674
4846
1505
1752
4254
8860
7995
3120
3109
4026
7032
1434
3135
7373
258
4796
737
1196
1567
7841
9917
4527
7510
2283
4416
9063
2953
1908
3228
875
1423
6906
5512
6831
4628
1834
7238
6287
7648
3002
9128
9948
3564
52
7903
3741
8657
6786
327
7495
1369
4148
8343
1235
8160
9261
9552
3494
8078
4864
4129
1785
6594
4202
1568
9434
306
3175
4894
9212
2863
8214
5409
56
7204
3566
3797
1272
8050
8896
766
6717
7119
8215
1206
601
7736
8840
997
5891
5477
3976
4866
7647
3638
9704
3717
8817
2320
8170
8519
2456
2156
4590
3209
5524
1406
1329
5911
5135
4766
6823
1581
7044
1931
1079
6602
3896
2907
8727
1967
8327
5209
6213
3719
3172
2111
562
2673
1245
698
2278
2319
7920
4110
4179
2774
7586
1375
1682
732
1954
7283
2344
9104
3676
5692
9417
7630
3781
9365
4178
8553
4808
8071
3001
3373
2474
9633
184
5503
1104
3394
624
5748
8870
7219
6755
4607
5048
3388
3562
2000
8591
3164
8
5382
8834
1132
4631
2236
2220
5350
6384
7895
2187
614
689
5890
6553
1995
2594
2629
2558
5281
1655
5227
3161
9598
7887
7233
3207
3696
8431
7590
6985
6261
355
1621
7585
837
778
3339
8281
6168
6009
6958
3791
685
2280
2259
1210
6915
6504
5276
4357
21
7240
4116
2052
3580
8411
7386
2690
3706
800
4874
2034
1499
9868
2450
2517
3128
7291
3730
2476
69
7383
4411
9260
7619
9230
1158
589
8340
6355
4727
6752
7532
9776
3022
6976
4249
8713
1494
5770
5122
1751
5553
5250
225
4342
6328
3999
973
7059
1129
3147
6443
6502
6126
2837
3660
8022
9504
2816
5328
2157
9339
8450
7093
4161
5199
5507
914
9841
799
3811
7054
2251
262
4427
194
6490
9170
4356
9928
6803
7216
1252
7762
4264
3372
1901
17
8140
3051
7030
5471
2029
2008
1212
8248
7637
3390
1873
9298
5983
7064
6931
1036
1771
7391
4694
7820
8088
5844
8666
3183
4011
3203
5536
6109
5270
505
9362
5238
1448
9421
7037
9026
4888
8924
5502
6028
959
1149
3807
1552
9663
9865
5728
1004
7397
138
6971
8597
6284
3089
2096
7227
8986
1459
5286
7257
5918
9681
5493
9098
5803
4713
6432
6665
9871
8641
6660
4889
8189
7556
727
5587
5700
421
8055
5720
366
2413
9398
2347
3836
7134
5871
3176
1231
4754
2365
9219
508
9736
6868
5299
2901
7566
1813
2809
4201
3409
5797
4218
7351
9150
3588
6088
7791
9002
7488
3961
8745
4912
701
7256
4196
5855
9442
5832
3620
5921
4383
6872
1715
2580
1598
9728
8683
2169
4038
2155
1571
6308
2889
3795
5004
9907
2207
9933
9823
2465
8805
2828
5151
1051
7320
693
5085
6444
4858
9524
3847
8165
7147
3546
4763
3402
4822
30
7313
7875
2378
4246
2484
9512
5805
7352
8828
5819
994
4600
1852
9
5442
204
2560
7804
2546
2349
8705
3475
9189
378
2140
3693
3873
3833
7028
8564
9411
2399
8693
4006
154
5614
4857
8803
4282
856
5925
597
5011
2938
4187
6176
1646
4943
7382
7950
2466
7128
5255
5427
5767
9714
1311
6323
826
4705
4591
5664
1545
1057
2972
9733
1585
8476
1187
8066
4840
955
2193
1920
1391
3325
3587
1253
7610
599
4642
1553
3918
6451
9273
7206
9223
106
3075
135
1531
3040
3119
7183
4149
8219
4568
9630
3525
8844
3430
3803
5586
1942
3863
6289
7957
1141
4684
4630
3828
9676
680
4380
4373
7439
4335
4733
8622
4969
213
1191
5363
8271
5320
4818
3850
9519
1805
9482
4949
5654
5452
4916
6965
1177
1172
3721
8132
3694
6327
7103
8312
6211
9413
9279
4108
3122
2638
5907
3572
3593
2770
1261
8137
4788
4114
4447
6178
9492
5563
6622
9621
8823
4989
4792
4015
7013
762
4212
3685
8295
2508
5399
8143
4842
2760
297
2978
7641
4771
7955
8117
1405
937
8294
473
3810
3077
662
1364
7966
4764
8445
1018
4341
5424
7441
6687
7340
4075
6776
4364
8225
75
311
9581
9882
526
4760
4526
8181
3469
4566
6900
1609
4438
1810
2485
2625
506
5840
9120
7432
9211
2097
2727
7458
1130
5689
7371
5112
456
8362
1
5864
6386
4770
4122
3171
2884
4930
6098
8709
688
2108
6533
251
1208
8762
2286
8068
748
1569
5938
6299
8688
1897
1488
6474
1977
113
2026
9314
5549
6270
5206
2960
7685
6015
1847
6380
2534
6457
4825
1769
1016
9049
788
8208
1701
887
7509
591
5959
8801
3187
4079
5400
312
7075
5499
7189
3576
1397
5933
3350
6880
1069
6407
2912
6251
6865
9438
4404
6822
8905
2783
3472
67
7225
1082
1983
6961
310
6555
801
5272
8243
7333
9596
6361
7175
3952
1039
565
1669
4666
2237
1750
1467
2135
3133
417
8600
2288
2575
3505
1024
7401
4708
8753
649
8350
8989
3070
6609
7271
3912
7794
7653
9240
3168
5139
1200
5355
9263
3996
9069
5236
9172
1814
7353
9604
42
7200
8598
8381
1582
7565
4407
2780
827
8512
7108
345
7053
1776
7309
8274
8708
7198
4521
8498
3631
6923
857
3947
1094
6417
8363
4898
3823
4260
9301
726
3435
1439
4333
9631
39
5800
3269
1495
907
2060
7579
1809
5115
4215
7489
5460
8021
8356
1497
1346
5963
8269
8913
5600
9945
2876
7405
3598
2600
165
203
2965
4440
9445
577
1489
1543
6472
881
4058
4162
5405
2721
2305
7220
4920
8003
8287
3501
2574
340
5609
7384
8157
3699
219
8760
3599
3779
6953
2685
1898
2239
6452
8119
6867
510
8525
5042
7473
3625
6437
6020
1471
46
7101
2550
5343
5064
9247
3800
8813
5244
9729
2878
9135
4042
3762
9749
5231
9587
8921
7126
6724
7622
3278
11
3504
7048
736
5119
9282
1115
5001
2838
7332
5684
6100
1451
5265
5226
9861
6808
8595
7835
2013
9584
8366
9246
9184
9310
9672
5956
4879
6582
8957
9372
4351
406
9617
3542
5650
6904
9234
9667
3286
8579
9373
7516
5519
3190
2676
7223
3242
5602
7749
2335
4511
9716
6891
9100
5666
6427
9864
9486
9866
9771
1001
9354
5858
7972
820
9930
3116
6922
1678
5138
7222
7866
8152
7502
3377
3352
6800
7861
5608
9267
442
398
2511
9963
1710
5771
1179
4553
6099
6321
9822
3465
3210
5630
2570
4391
9648
3078
2666
6144
8040
2376
4063
570
6000
1408
1431
1584
6351
1224
9205
1816
7821
5253
2127
9600
5204
7440
1548
6856
4258
4728
3777
4237
5172
7056
8755
8122
7239
7311
3570
6656
9317
2789
1000
900
7094
8000
9039
5183
4307
2477
3935
6951
8720
2611
248
9422
699
2741
983
8944
2211
5260
6729
8079
9155
2553
9761
2761
7435
7133
1387
5055
6819
8744
3195
3391
3987
81
6262
5857
8060
9194
5814
8252
8005
9789
4125
4322
7847
781
6638
1759
3064
2126
5063
5086
3536
299
4675
3644
9124
4072
9115
5092
6274
6543
9579
954
9709
2006
8166
5984
5522
7538
9245
2307
5920
5118
1560
516
7519
2104
5972
3326
5036
9641
666
3986
3583
2322
8047
7515
2659
8379
7889
9849
8427
5126
1773
6329
6700
8024
5866
163
4092
5618
8467
7934
6858
1860
3260
4964
9969
9586
9845
939
1362
8731
6237
807
6447
281
9915
9025
598
7846
609
9774
7253
5990
1480
8654
6565
4203
9007
9967
1803
4520
1178
8541
137
5845
8544
4024
9307
8012
2384
7009
5638
2363
5470
9493
1411
9689
877
8056
6177
9286
6146
9483
2707
7802
7715
5322
3289
430
1997
8500
3361
5102
6794
448
8218
9325
6995
4683
845
3118
7273
6881
6986
68
2966
3864
86
520
3483
3049
9351
8410
2149
6281
4707
5269
1887
5453
1422
9192
972
9505
4135
6157
9332
7388
6473
170
3165
3879
2628
9956
1587
2861
5074
2588
5093
5989
7287
4922
3025
2198
6341
3897
9440
5537
1258
5142
1380
8835
6535
1593
2578
6861
1198
2719
8638
409
1793
3054
4939
6921
2173
8086
1478
4567
2361
9922
8547
1611
7202
331
8562
2164
5759
4837
9741
596
9652
8953
9377
9291
2996
3273
2213
6945
8983
418
6733
3047
999
747
7067
8303
8661
9772
9819
5929
3451
4268
1458
2468
6934
9826
5303
3009
3567
34
5881
6193
1824
3381
4085
9199
9955
9974
4576
9531
758
4507
5451
1020
950
6120
2242
3646
2848
4488
1378
8950
7784
5412
561
756
3985
7463
663
9094
8077
2010
9605
2602
823
349
4661
3343
9670
4028
3042
4074
2287
6202
9839
1022
5567
4573
6433
901
5781
3421
6024
6754
9908
5323
8747
5256
1797
6075
8910
1606
9011
8114
4458
2352
199
1957
9523
1772
4620
4635
9985
9669
293
8376
9940
3870
298
2094
620
7425
7209
5792
4679
4484
9340
2768
8018
1156
4287
5718
5674
8425
3148
9308
8922
7263
8723
5576
5489
3192
1095
4776
7203
2249
3478
2419
1127
7170
268
7933
7404
9773
8400
1445
6619
8540
5958
29
2824
5508
2976
7167
6639
5910
7923
5479
6852
8254
4984
7769
9506
7269
548
1358
5144
6091
1054
3337
4474
5289
9950
2109
9190
2431
7904
9987
3079
6944
8637
7748
9797
8561
8353
8432
4711
2100
1372
3877
4781
9677
4815
2277
8822
5372
2531
988
1732
6515
404
7557
1385
723
4634
5444
1702
880
9210
3510
1649
2070
925
5441
9892
1542
8349
8680
3486
7698
9009
4971
6600
9674
8002
5071
8739
2678
5128
6125
3571
1087
8426
8971
9786
3446
3416
3428
1236
80
8145
2262
3915
6883
1105
3661
1713
9647
8710
2649
9622
1304
4146
8694
9300
5130
6536
7390
4899
1121
3753
6203
3962
4054
7478
3314
5698
3686
2898
956
9303
1349
2359
1538
5875
8577
7642
5605
9051
1500
169
8150
9929
7823
2959
8179
1040
579
3512
2742
1038
4240
4556
7174
3367
5843
6869
4448
7522
8136
2046
5913
5207
3907
9087
5978
7349
8634
3533
4217
2637
2709
8258
8041
3573
1266
559
4183
4624
9122
9439
8383
5492
1371
9764
9545
7615
3672
4233
1037
385
2304
2621
2134
763
8257
408
3216
6655
2222
6606
1296
595
9335
2495
1140
1473
6519
7974
7097
9196
3358
1032
9153
7006
2698
7732
5629
8093
4189
3458
1068
2124
5331
4785
2762
79
4208
8696
9673
4224
6021
8210
5842
7774
1153
9757
5980
4151
5545
4845
2194
4046
9873
9699
9572
4841
5999
1972
1330
6138
2250
8635
7300
5623
2636
1742
7583
1944
5839
6165
995
898
5421
5046
6322
2822
2977
8259
1784
2944
5365
3714
7596
5889
6907
2451
8396
2705
4562
6864
189
498
7796
7953
4190
6897
64
7254
2300
2298
3930
2992
5965
5306
7894
5376
8216
1277
6745
5407
3702
8932
5308
935
9183
6816
987
3038
5251
9259
9817
5161
2152
37
728
644
212
431
3522
5219
5585
1645
3760
5217
492
6840
6007
4133
7245
7055
1486
2947
8298
9848
2048
1048
7668
1414
678
95
6069
1604
9432
6987
2805
8765
1812
4749
5223
4270
5091
9309
4406
2915
9078
9253
4389
5953
8672
9023
8854
764
1659
2462
6050
6968
8951
4184
76
2294
6236
143
2924
2087
1347
3031
9805
6942
3664
1309
4830
9851
178
5724
4534
4442
4726
9462
3642
534
531
6404
9796
9698
9816
1472
8662
149
9983
9831
6592
9474
9119
6512
1043
1922
8412
379
8477
1615
8268
4506
5136
9408
2133
6608
7839
2631
1590
4384
1600
825
9186
7730
9731
1492
8239
3398
8128
6005
6674
467
1521
6201
462
3332
844
7902
3648
460
2765
5750
1572
278
7015
1107
231
5341
8065
9946
2738
6508
3445
9650
2427
6264
3973
5714
9961
394
8684
3827
3589
5671
7084
6422
5764
9125
7815
3270
4641
9894
5725
8357
6628
1737
1952
44
2664
4021
592
1400
2381
1409
6405
1667
1351
4832
9998
9613
2735
2469
32
1844
5243
3839
3105
1966
3117
8906
6646
3602
6723
1624
7492
9575
4478
1574
4769
6703
3296
1031
1541
744
3556
8493
798
5577
3456
9986
7073
4121
1526
51
4220
3103
9565
2391
188
410
4820
4860
2908
6610
7374
6695
9810
8125
2480
2627
57
4782
4412
2276
1999
23
365
2409
6979
8604
4369
3066
2011
9687
6972
2551
4060
8614
6981
9607
6716
1573
2807
4362
9475
7527
9534
9651
9143
4738
9628
3988
4403
1197
2132
1878
275
9249
8617
5731
4548
2987
5870
3196
4460
6714
9614
159
4632
3772
2106
2895
1933
6012
9225
8717
1381
6726
8342
4090
9900
6917
1591
6531
2398
7604
8580
6549
9070
4301
1081
2049
6226
2804
4895
1103
6893
3424
6118
