10000
1617
5849
9810
2735
6363
4383
7713
2576
2141
4741
7962
9173
8448
3458
4821
2258
7403
8026
8640
7118
4517
478
8413
8579
9926
3149
2857
3424
4523
5603
1862
8598
2671
6441
4441
2742
4846
3964
844
9757
5566
4084
4589
2415
6559
567
1179
8853
5645
6869
3352
3449
2483
9803
2463
7945
2060
3950
7662
8805
8054
442
4636
1796
7754
5502
4749
5218
8021
2721
6293
9931
4806
6329
8401
5403
3163
7093
5675
6910
1491
9388
9251
3001
8453
9128
7564
159
5608
1859
1343
9246
5433
6918
7096
1253
4993
8714
6824
2347
8000
4887
6930
1623
6143
1778
1493
3571
3615
3287
485
3285
7725
4438
5606
4232
1035
782
627
4500
4856
6549
3209
2836
9363
7569
3869
5930
6435
101
2768
6590
1629
6354
1848
3169
5872
5982
6320
5703
6433
8727
1710
4869
9577
4081
7022
8061
4152
277
1406
8885
5844
9462
6058
1461
9327
5345
9559
5022
4644
5806
7715
3477
7608
6250
5598
2291
4182
675
1945
2606
6307
8726
1296
6382
763
8659
4891
4389
4501
6924
6997
3916
5989
6807
275
7094
8610
8186
5655
1801
8446
8226
1553
1773
6899
2626
2188
8636
1579
2061
3835
6727
5248
6659
2115
9132
2270
1854
3236
7535
7621
8849
1600
967
5402
3691
4149
3796
7062
9838
5968
9011
410
472
374
7613
6562
9313
2915
7647
5992
5527
8641
550
535
7959
4654
1020
6385
9900
6700
5920
6897
603
266
4705
9164
2344
9228
1715
9479
8586
5115
583
9852
6218
1942
1497
6685
2921
6401
7431
1572
2843
1415
7047
7517
8864
1447
2790
6071
3899
373
2160
7661
5095
3768
2981
5666
5366
1707
9776
3647
340
3530
8670
1535
2195
1892
9602
2968
4427
7451
9447
7186
5059
355
6306
2131
286
2773
6529
3269
1349
2826
323
2654
2023
2979
5983
5187
5319
449
9682
3293
6005
1619
4813
980
6176
7068
7607
1940
1401
9475
6155
1519
8201
6932
1746
4174
4783
9736
175
7692
7550
3348
8544
7491
6636
879
303
7835
1845
7376
1236
211
91
5636
3750
6839
3123
9568
3590
9835
6775
4485
220
254
6880
7800
5601
9044
4364
1006
1887
5870
8892
108
1830
510
8863
8858
2761
3101
7696
7357
4385
7382
1091
5654
9189
8671
1115
1979
5270
8974
9130
4392
7580
9908
2370
2144
5621
3625
3303
7268
2019
3082
2371
346
4402
4156
3207
6591
618
3349
3960
3802
9385
8233
7880
4966
7240
3619
2178
3997
5787
1625
9694
1388
4639
4190
652
3554
3952
3132
562
1335
2068
7428
3071
7877
9813
8621
8768
4917
7026
8643
4194
1198
3608
9310
9893
8342
5061
8737
1272
9446
3551
7421
3934
5776
4665
4234
2454
6297
2823
1148
7328
4170
9306
9502
9341
4959
2542
9978
3943
968
6299
2064
8300
2240
5315
4140
1158
9487
3192
7021
6423
6792
3927
5963
3652
9293
7054
3882
3444
6978
3153
9393
3448
4565
7890
7600
8020
1060
6466
2489
709
4040
616
3471
1735
5109
3400
8953
4281
5357
6639
4062
5934
8984
5413
6968
2547
9285
8417
7682
1793
6286
5950
4734
4127
7645
4145
827
897
1679
3298
7496
8836
1269
3954
4352
5478
5164
2883
8055
982
5047
3343
6073
7599
2960
8121
4071
7706
4905
9829
6587
9008
7919
7938
828
39
1931
3907
6147
994
6285
4720
2360
16
9071
4068
9730
3793
3379
3206
2462
2329
6450
8437
5437
3242
148
1346
4387
9785
5160
7796
2267
7027
3827
646
4552
3846
28
4877
5789
7468
2816
8421
4089
9598
9553
3686
625
8952
9233
1648
1719
4461
1363
2111
7422
6275
5439
2734
2367
9906
9749
3896
1122
9329
1322
3474
6560
4703
4521
5266
4404
9399
6906
7863
3436
5499
6328
4599
4733
8265
8452
8518
4277
6154
4675
7460
160
8976
934
6245
4977
667
887
3725
5213
728
5726
1561
1107
9498
7633
4976
563
7531
1485
7922
671
1772
1416
3442
7480
9484
5025
6051
4868
319
2658
2448
2812
1216
2345
4578
2848
4037
8027
6860
639
9114
1359
5243
4396
8431
2011
7350
5902
2171
7143
7707
4049
5330
9275
3570
5582
3580
399
6895
1174
9250
6676
7704
3671
7250
8664
2026
2936
7915
6273
2567
9578
3009
8513
2377
540
530
6371
4847
8130
2146
7231
9631
1101
357
397
4662
3640
8559
9720
9569
2652
6865
3310
3005
3197
9529
1079
7852
681
6539
5866
566
4096
2130
8556
4721
1063
4622
2431
1249
4748
3078
7288
1824
2136
1947
1989
2927
3539
882
5563
5076
4205
1521
8851
110
7592
405
4266
6780
3022
2512
4980
7780
6732
8800
1917
7653
4919
3772
5589
2480
5313
893
5919
9660
8806
6908
439
3066
2966
4482
7585
4222
9983
5227
1007
5966
4400
1972
359
9802
5515
224
7494
8814
3417
9353
9606
4843
5681
3758
7553
2249
7565
6184
3634
522
4426
7000
638
1982
5516
297
2127
878
5034
6478
7515
5738
5337
5519
8092
3987
6798
370
9149
6269
2358
3747
3825
7270
4738
706
6092
7697
4972
8236
6496
2713
6331
7217
9325
9715
4519
7147
9102
1124
3360
6150
2785
8257
1106
6662
9584
9593
8273
6281
1003
8569
6018
8412
1997
4057
5777
5593
6715
1563
2251
6990
8192
7048
2518
8477
4883
3873
1675
8672
1966
274
8188
1134
8927
5504
9380
8
9609
6332
3837
5742
6830
8839
7219
3011
5173
2239
733
505
7236
8816
58
1515
7191
9918
6804
4788
1654
1975
6679
7894
6927
5845
8457
2276
4818
9459
6459
3743
2383
8381
2025
8725
3486
582
6564
4712
180
8286
2942
5390
146
5464
6151
9174
5259
3519
5748
4269
9374
8651
1726
9105
8734
3547
2184
4751
50
8010
2620
347
1700
8835
558
4655
339
3862
8970
1145
1188
2907
7204
145
7175
4893
1093
1120
6120
6646
917
7632
9855
1302
5210
3407
7936
8756
1441
8785
4291
4509
6403
7970
6471
8697
2243
7298
6981
9342
5834
194
7541
9400
8658
8181
9519
8551
1350
2777
514
3435
6665
8048
9751
9666
761
6129
5699
2669
4777
5839
5632
1087
1536
6669
462
8216
5217
1390
8738
5819
8988
1996
4189
5979
9607
3158
226
6894
9704
4421
6098
4747
8377
866
4845
2992
6338
5967
8481
8692
7529
700
3127
2863
5141
3195
633
2461
1511
2582
6945
7660
3296
9688
1273
5097
5224
36
8889
6291
2505
8613
8426
8748
1410
8345
6309
8526
3307
4835
9798
3980
9977
7467
8091
4834
8771
7830
4095
5932
8547
8315
5165
880
9165
6430
3890
9474
1644
4337
9876
3397
8874
4672
8574
3059
6312
294
2066
9755
6891
5422
6972
5361
2408
4830
15
1863
4242
1557
5484
7458
6279
3340
3205
523
5708
1329
7452
9722
2226
4424
390
7891
8558
7575
6289
2646
8520
1549
6898
3545
7313
8334
8137
9958
3270
3421
8634
5971
1737
8044
1
3955
5026
3990
2984
181
6647
9787
9596
2361
4922
5905
111
8534
7205
2449
1463
7558
729
3367
7720
2399
5500
1517
1874
1999
352
2659
5163
2013
5784
951
6497
6649
3438
5276
8253
1685
74
7642
9833
2094
4036
7870
4334
941
614
6816
8637
8638
3699
8439
165
2010
1046
1143
9404
8582
2719
4475
1050
7559
8086
1952
2044
1751
988
5620
1022
137
1907
3555
3213
7226
2920
9826
1264
593
3333
2845
6043
9492
7177
4889
2364
1962
4587
1239
708
3329
3294
1716
5740
3306
9365
2179
2803
7300
3695
7521
8647
2173
4381
565
2867
7408
2006
5817
8206
5428
4106
1867
5988
9500
4674
4211
2148
3386
623
3368
5001
9878
1852
3704
5356
2396
4792
4731
5848
4794
8764
6746
666
65
660
8540
8296
2124
5579
109
9986
4769
4160
6531
6524
4289
8577
3021
971
2262
9193
79
2022
6144
5470
4812
3177
8833
8204
8795
6752
4188
8060
7795
847
1421
2690
3256
2705
7811
8802
2778
6577
7652
7190
235
7525
6162
2476
5084
1913
3650
7454
489
6044
545
4097
7187
5926
3645
2651
8950
6188
797
9869
8169
3929
9062
4968
2479
5761
3850
8332
8114
1452
6643
8029
650
5162
5859
6239
3876
9266
1568
6035
8924
7095
4736
9531
8937
6327
8519
4216
7086
6157
3781
6136
7873
4151
4450
2312
2655
2216
6504
5885
7545
8411
4231
6225
3523
6949
8655
170
7497
2917
1366
5013
5969
3898
9765
5807
2264
7872
1094
460
2120
3792
9760
970
1393
3148
5472
5810
1191
9894
6445
9857
4918
6790
4357
1426
5669
2839
7493
5102
9972
5311
6547
9962
5882
4661
581
4767
8276
9078
4009
1454
3290
8840
787
4591
7609
1327
9255
2590
9518
9615
8150
6146
4125
7679
7727
1466
7302
1370
5634
2530
1242
4465
7100
1877
7983
9636
7755
2086
2423
9406
8429
4790
4666
1805
3693
1638
4073
3817
4227
3717
9775
5289
6625
3909
5465
9932
6580
5367
6180
8872
8095
4947
3560
4118
9859
9476
1436
7646
6480
9975
8028
5425
8763
5997
5553
9988
2099
5168
4955
6652
4228
9471
4030
4298
1904
7617
321
2063
5534
8539
243
59
3933
9991
2048
1351
6001
8468
4986
1523
9856
1220
3865
9616
2422
4303
8722
9264
3589
7105
3831
936
5178
1474
8466
6437
6483
9157
7276
6075
3985
8077
5154
6973
1133
6691
3485
1212
7455
5308
7202
4476
7303
6374
7104
2517
5152
1565
8102
2893
4341
368
7131
8202
919
7809
8403
6453
3178
3139
1861
9222
8717
6033
9402
8855
3843
3117
3462
2147
4051
4217
3046
2585
5474
2929
3549
7390
2874
3513
791
455
4172
933
6764
6117
4679
7423
5018
8948
6305
2681
2609
902
3366
7869
4002
9271
4817
7673
1865
2520
1914
9326
7939
1066
8740
1714
6389
6905
38
5485
8350
9277
8388
9060
6783
5091
1267
6067
2829
6853
5764
8163
2485
6375
3507
435
7229
6770
4046
9887
300
4033
2513
9528
8064
7383
2716
9427
5948
6456
9281
3070
3283
8051
4935
426
7322
8166
1051
6253
1547
4480
7773
5503
6585
8228
3377
5975
1019
3415
6544
1919
6062
1936
9397
645
9150
5713
4995
2464
401
8963
3709
5117
8943
515
9588
5545
8474
3863
6667
7867
5812
281
960
9201
588
4710
9001
9299
4069
599
4135
7224
3409
2853
7712
8940
5904
8059
1810
7489
5627
7787
2813
2682
9394
7109
1043
6768
6025
1559
1912
9886
2540
5346
2850
8793
295
7440
1727
5763
9581
8306
2755
8837
8196
3395
670
1655
8695
2062
3176
8936
193
3962
8098
17
2310
3048
2974
9368
7923
7561
9671
9868
1566
9735
8592
2198
9396
575
6036
7784
6192
8882
8281
8264
3484
4586
764
2886
628
7435
8433
9693
7721
4907
2825
1631
6596
9950
2678
9901
4165
40
9668
3751
1857
9066
4192
2762
2919
3742
5650
387
8919
9690
1256
1729
3060
8355
9989
8908
9814
9780
2038
1129
9823
125
6516
431
5483
5204
5908
8942
5814
3392
3679
4126
5824
7410
613
2666
5211
3941
290
3109
3186
9236
4435
5423
3394
3087
6161
7107
872
4900
9229
421
6741
4177
4347
9349
7111
7056
8262
8422
813
7798
9284
3694
7148
7482
6755
1492
4166
8108
2453
126
4627
6621
6525
9121
600
6343
3100
9267
3202
1910
8704
2965
2332
1025
7991
2450
9331
6344
7761
7942
7354
8450
958
4954
2430
5685
5513
1009
9853
5054
9203
5609
1241
9681
8288
3940
9711
3150
4386
6730
3992
1933
7089
3790
5167
1882
2126
649
8025
34
825
6087
927
7415
7995
6988
7413
5424
4204
5393
6369
1656
158
2392
1187
2800
7744
5889
8716
8207
4117
5922
4563
7544
737
9308
6801
7635
7902
7053
6079
3061
4664
1166
7418
6511
894
2285
8076
862
8687
2637
8314
9087
4941
9445
5240
7479
1652
3579
839
6294
8444
8384
3829
6514
2746
4044
9336
4094
5561
2277
7007
4726
2331
3844
4695
6240
424
7031
1195
7405
8715
1314
1935
8955
2904
8507
5385
5300
1903
2065
7442
2991
4325
986
3036
6579
114
7060
829
6224
9673
7112
5693
9591
6668
1023
1990
3341
6998
8434
8788
1479
389
6004
5400
2854
7778
6242
6419
1068
8847
1899
9411
9759
5924
4478
7220
6325
5080
3830
8103
4384
4297
6037
552
5572
3524
9322
7115
3494
5752
7726
3067
6222
5592
4902
5696
9486
9947
4863
2635
5098
8419
5269
1790
1443
3472
4998
778
1206
1478
5977
6921
8691
7622
5524
5571
7398
9778
8443
278
6202
5587
4449
3946
8832
7779
5041
6417
8876
2071
5292
1780
4597
9240
7637
5370
4621
7069
5250
5891
584
9575
1169
4038
696
5177
1732
6836
272
5206
3637
3854
966
2487
5111
9824
2159
8753
2458
3773
7748
4193
2739
9792
7953
1838
1391
7921
875
6492
5916
4008
5821
4339
1202
8193
4593
3921
6298
6809
5880
3861
9242
3881
9945
3461
8570
1373
3312
7741
3623
3642
961
5733
1248
6837
2638
4602
7904
3945
9650
7980
7777
1634
3344
8980
6277
4945
9109
2320
4104
176
8396
9944
6194
3624
5602
8635
3836
6850
527
8008
6713
8914
443
1659
8645
5112
1541
8023
6548
375
89
9422
9640
2526
4943
7399
7947
3588
6124
4768
7854
8977
9509
6491
8088
9262
8757
149
9548
6122
6164
2595
1911
7612
7739
596
3443
924
3191
4365
8430
5663
8744
1433
5511
4700
9070
6000
5781
8153
289
809
2112
1552
5043
1841
7594
9420
1581
6568
223
9873
3212
5009
6994
5157
7650
3759
5510
380
6889
2641
450
6479
3084
3753
4418
2578
6353
2039
6213
3430
3842
9215
1383
9162
3548
4330
3452
2395
754
7165
1753
3170
2730
4873
249
5887
2986
5184
7123
6408
5149
6721
6482
4255
5094
446
656
7078
1470
3546
8710
8254
7208
6258
2246
2743
3897
5727
6615
8012
1869
5251
8278
695
311
6474
1633
7023
4616
7689
377
3839
1397
7039
1769
7127
4248
7474
3769
4536
1458
4819
7364
6513
381
511
5702
5376
8011
3585
9104
5306
3383
7629
2642
9571
5426
3171
4477
7369
296
5324
9728
2614
5279
7702
1786
4994
7911
310
7314
4719
2261
7406
9968
3774
8661
1028
9347
7067
3460
72
3517
7449
7905
1584
785
3262
1057
7420
8562
9957
2322
7542
2114
7883
3689
293
4410
437
9493
8050
304
2744
3292
8642
3641
7171
349
9155
746
2827
4316
1831
612
8141
3232
4973
309
5417
9910
2154
1569
1268
8860
4533
9259
2529
3125
7618
9676
1766
3597
8823
904
6622
3393
7893
7347
1926
7251
2860
5725
1088
6896
8760
4376
3752
7070
8271
6530
9169
6728
4681
7394
3381
3447
6776
7845
5415
7373
42
6149
6027
4487
1386
901
8318
3618
2600
7346
7381
1657
6740
2709
8039
4573
6546
8062
9904
9436
4113
6785
3260
4987
6589
7920
895
9206
5183
2791
1034
3613
598
6449
498
1698
4451
7126
7640
84
9545
9469
590
1970
3498
770
7429
954
473
2594
3961
6604
9252
8808
7807
3240
7387
6965
732
3947
2776
395
9794
5131
9880
6127
741
5431
873
287
5074
5543
1668
2398
4628
4669
9902
560
7216
1868
5181
3818
8975
6405
3664
2346
790
6872
14
2653
9438
5877
3115
4609
6819
3514
8340
8337
1575
9314
2807
4858
2555
4047
213
3643
3018
6774
4730
9037
2257
6695
8200
3811
1336
4343
4798
4076
3313
322
8080
2527
520
8229
8603
4361
1039
9283
1688
8653
87
6788
3330
1826
3103
2550
4288
3880
3812
1358
5185
775
288
2465
8099
6756
4807
856
9506
6321
5886
2592
4134
3718
3675
9980
7882
2046
2001
331
4716
398
4103
8338
6489
3272
8290
5707
9238
8595
5884
3279
1916
271
1123
9624
8258
7072
3991
3495
867
6642
3128
7162
8406
7579
3164
9145
990
5929
5118
5557
2993
3175
547
2362
997
5594
8243
22
5335
9639
5498
7064
302
4763
3277
3504
9731
8123
5016
8385
3587
3937
857
8484
112
6177
5191
6484
7409
480
3594
3221
3949
9117
8363
3721
9656
869
2067
6066
325
4728
1784
8349
8005
6042
361
3915
3716
1077
4937
595
316
6586
1560
5242
5278
6854
8527
6920
2027
9423
2376
8347
4257
1480
313
6688
4762
4078
1594
8567
5386
3971
8173
1923
6440
244
4588
683
7319
4567
1971
2698
2330
4929
9573
3879
1013
6637
4766
191
2206
6995
8981
5771
2189
4596
9345
7289
6413
4711
852
4340
3369
6675
8291
7606
4758
6592
9879
5045
9046
8597
7129
2316
3821
6108
3561
481
4717
9129
8348
3776
4445
7978
8703
7392
9890
7080
1041
5323
5730
9377
9074
5933
4571
317
1459
4092
7459
5281
9442
8301
2165
6230
3047
6444
532
624
886
7889
5940
4607
1333
3857
6605
3698
4273
2706
3912
6167
1287
8884
3877
6498
9597
2113
2496
7017
1779
7374
6002
5017
6739
2378
1712
8212
1614
8475
8128
6757
6089
4725
9086
3931
7865
9448
2477
1214
5019
3214
1338
7272
717
9017
5532
225
1814
1354
1829
506
273
5549
403
7888
418
3342
1076
3715
6581
3119
7061
6645
9291
9605
5923
2103
6183
8867
8375
2838
7025
396
1288
4210
3092
5765
3376
8467
1597
3140
5040
7822
7457
5123
7611
6008
283
5105
4023
1109
8170
9386
4240
8887
2837
9036
698
2273
892
643
260
9967
3422
610
9659
983
6569
4878
3028
8085
9924
5359
2135
97
6362
9933
745
7367
9953
5871
7513
6826
1503
8933
3621
3977
3800
1843
2668
4913
881
9752
3216
7614
7988
1334
5063
6701
9371
4961
6576
5831
9287
2997
6753
6953
143
2819
6418
5468
1704
402
8151
8648
9998
6039
9540
4979
8343
3924
3025
3441
1446
4967
1646
1771
9168
9220
5051
8739
3190
1324
7475
3106
3223
1964
1313
6873
2091
984
2047
5739
2797
8134
3239
2817
5751
2657
8732
2602
8930
8382
5065
8159
9748
4608
4852
2868
1201
574
4332
716
1118
8183
3224
3413
4554
3229
858
4059
3562
7485
6583
5148
6725
4467
7349
1760
4429
5320
1223
5220
5038
122
9191
7299
9449
5823
5577
679
9788
4796
1423
8395
4342
4183
3566
9106
1624
7836
7749
7690
9993
3855
9016
7121
948
1983
1694
2083
5605
86
8256
3198
8220
4561
2214
4525
7814
1695
4791
185
8469
7758
9245
4065
5343
1290
5200
3432
8625
5228
8231
5528
9351
533
9837
245
7321
2553
7896
6119
7965
6962
9391
1759
1938
5687
9625
5000
8680
7816
8494
4611
2055
3453
9333
3767
93
474
7462
5667
6875
602
6135
8113
1677
6561
8920
2887
7952
7841
8007
198
2774
3142
9458
4647
7316
3636
5302
8295
801
2098
7781
3237
6137
4722
155
2028
5046
9328
557
5297
1460
3982
9026
7906
9732
5586
8118
8100
2442
3267
3532
6342
1651
6110
1596
516
1500
3778
1165
5347
1819
989
1528
7009
7582
8996
4260
2230
9080
2964
5088
7218
68
2410
4862
4444
9022
8447
6923
1233
969
6582
3705
2221
4132
8176
5064
3656
1257
9800
4401
9099
82
4799
434
2541
1404
4774
4953
8986
2858
9867
8071
9960
8611
6683
436
9231
1036
953
3282
803
1431
9337
9620
6690
5927
1414
3577
5375
5723
7182
8397
19
2879
8995
1750
7886
7262
6687
9997
9083
1102
1960
3069
4601
7982
9507
5467
8894
8400
2379
4155
6165
5466
1042
4781
4742
9004
8480
7812
8549
3189
2324
1114
9148
1864
9323
3629
631
3476
2536
6365
2484
1238
162
4676
569
2456
2557
7439
2072
3161
2549
1768
5900
9490
1015
7404
6346
9535
9013
5790
6284
5314
3502
2032
8775
8416
680
5964
8782
1000
8587
9834
8168
7699
9664
32
2232
4082
9678
3326
7794
9984
1085
6030
1567
8766
3006
5773
2796
1435
4447
8656
7701
9831
2740
3533
6975
8282
2170
2294
9669
5522
6565
153
8380
8374
1900
4797
9428
4148
8979
4344
2336
7395
7198
5808
6673
5999
9558
9478
6661
4688
772
8214
2057
2914
930
8252
9651
4264
5938
1199
429
4230
7481
8548
8615
3493
9260
8157
5639
9940
5077
1226
2673
9218
5811
864
1011
4895
9139
1544
2444
4831
2076
4349
5858
5405
7833
5327
2077
3974
8522
5970
6791
8142
1718
6518
9919
1518
937
3026
6838
6421
8471
8378
7655
8360
4124
8565
1802
1789
4101
9359
6226
1419
896
4906
7583
3465
9258
8003
246
3601
504
6337
9587
2664
4275
1317
3780
9387
9372
5066
7586
5641
4886
6410
4630
5770
3616
8275
6846
3299
5113
3010
8616
4
4241
6943
4892
9030
3820
3683
1464
3611
7180
5053
9786
9772
2831
885
9253
2568
9942
8372
8346
99
4282
6796
3336
1909
5169
9384
1227
8167
5642
8250
9038
6917
8718
7151
3281
2701
2506
43
9495
9808
2811
6139
5614
5772
124
3124
2499
7736
3942
1387
2129
1362
5119
1815
7504
6567
3076
9159
4457
4934
5868
8210
2475
987
6748
1306
3041
4809
2945
7470
5268
8515
486
3276
3093
376
6708
3305
232
5809
1178
3920
3646
7534
2356
8311
4456
7246
3398
5689
998
7414
7624
2943
2695
4417
5388
9563
1193
5925
7503
3364
6758
773
7834
4056
5369
7345
5368
6012
4164
1089
9156
4394
7336
7232
9015
5683
5110
734
4547
1243
9701
6950
4371
9381
9821
9175
8890
4099
8503
1301
3813
9421
620
7304
8030
6987
25
6633
3351
1434
9870
2353
3122
4196
9357
4312
9101
7708
1450
9007
1065
5350
8237
4946
2119
2109
1950
8712
6047
7568
9996
2414
3684
205
6314
6502
4985
1689
3012
9407
9761
5953
8105
3483
5509
3382
8152
2697
4882
4603
6857
5873
6190
4171
6015
1880
3867
554
7728
3316
7584
7142
8791
76
3365
5469
358
4142
8678
487
2596
6781
133
8688
5379
4653
9716
4879
30
1636
6947
5795
1162
8369
7782
6101
2731
7365
2404
1893
7871
4916
5476
6428
5071
6212
4130
8472
5258
836
1906
1140
4590
8078
6360
5166
95
6311
978
3600
231
1159
6380
2830
5126
8359
9334
1083
5684
4243
3900
2748
5660
3384
2042
1469
6201
4577
9032
8165
477
9987
2523
5434
4904
1836
1211
9556
8838
9125
9617
5234
1127
2972
6113
5541
1890
1788
9635
5847
8195
1055
192
7668
2939
2844
5235
342
4805
2460
8578
5203
722
9024
8594
9441
2944
9053
662
5006
4274
3080
8994
5209
4539
3038
332
756
1925
252
8602
5695
9457
7137
777
1170
8861
7477
6021
9375
3930
6064
3672
4473
2534
6862
8904
7595
9727
8284
849
2435
947
4744
5878
5344
8945
714
7446
423
3363
7620
1032
5287
5486
6812
3622
8479
4692
8859
8277
7189
3000
2931
4925
2556
7059
2733
9848
5124
3908
4841
9059
8946
2951
8045
2333
6296
3173
2132
8777
3188
2995
8436
1486
7034
7172
1064
8773
5583
9638
4074
3497
2636
682
7253
2298
9451
824
1392
216
9424
5254
1482
6292
3362
4640
2481
6840
5514
690
6657
1818
9872
5736
3152
9097
6115
6081
7563
5427
4455
444
3331
4754
1053
8699
312
4965
1031
1141
6069
6957
9527
4526
2321
3886
128
35
4570
118
9426
4256
4508
8069
7135
348
8765
8219
8473
2490
7820
5122
4699
3007
760
4618
3901
9343
5132
1828
147
329
546
9192
416
5591
3275
9758
7771
5892
2292
2675
3479
8379
4221
6672
5986
8541
417
5083
171
9729
9432
364
80
24
8774
3633
5272
404
5567
7734
2703
9265
3975
9047
1328
1304
5075
4398
7520
576
2888
5477
8735
6935
1173
1139
8987
3720
6795
5550
2903
1546
7101
2185
8075
6006
6243
5411
762
1208
7892
7669
6026
9966
8689
7437
2998
2049
5409
7957
4278
1791
8632
6859
9551
5658
3868
6014
5710
860
4732
1049
6722
9634
8557
4671
1014
2493
5096
8529
9158
7853
3317
2306
248
308
871
2767
4220
3008
3280
5837
9795
5201
4896
488
1067
2794
1537
5430
1684
5857
9747
4348
9961
4870
8464
2172
8532
1749
1680
6233
139
7227
3045
5629
8817
4327
8591
9921
4375
4908
2190
3288
5073
3314
6050
946
4757
3749
6602
6505
9137
1033
6367
7774
4718
5942
9916
3013
6203
7855
1219
6802
4580
6461
4175
1467
8392
4789
9276
3707
9707
2977
1821
3051
5978
6352
5718
7738
3701
5838
8606
6083
2153
1152
7361
1274
8730
8019
5617
5153
3372
4951
4514
2488
6575
9642
3020
6387
1369
6191
2391
5449
6933
2694
5188
2217
3784
3347
202
6244
1056
7598
7432
8698
6693
4520
1618
6313
1894
7875
4960
8600
6206
23
2096
8657
7538
6340
6697
5604
4077
536
2349
9512
2307
7850
484
6
6742
9929
1669
6941
7522
1728
4268
5596
5737
3456
2727
1723
6829
9184
3304
8854
4997
7878
2798
4323
2122
5044
3893
7254
8646
4006
4949
6779
3710
2728
3965
3083
2411
8729
2866
8964
7362
227
3822
1650
5443
5704
3875
517
7968
1400
7512
2088
3388
2880
5435
2381
5896
3450
3902
7285
9437
2416
7071
4014
996
9453
3538
4828
5796
4091
1658
1510
9186
5496
5954
9645
6283
3249
7766
7914
1018
5104
7128
366
197
2693
61
549
5032
6055
5441
2104
7228
6852
5506
4237
5231
5910
2502
7658
1189
8917
7743
4115
3414
2726
3241
2242
2875
5145
7574
3996
3673
2856
9854
3823
496
1965
9971
8509
5985
7166
3563
1573
7379
5556
2884
4060
6550
1128
920
1483
4470
9843
9248
9522
7030
8162
8357
6436
5852
2985
865
3609
3711
8674
9508
6517
4996
9521
5517
6085
815
7703
2106
4430
9767
692
6248
6959
2952
2514
9781
7393
4735
5965
103
1171
7014
1078
8304
2017
1589
6956
2125
939
8194
2779
3690
2393
5893
3459
8445
2624
9119
2737
1674
3508
7356
2757
4984
6500
3536
3922
555
2994
8485
3065
4163
3179
2069
1271
589
2775
8351
7340
641
4637
5855
2686
6922
9589
7264
7223
1590
5895
6664
1513
6494
8783
6431
7509
3034
5574
4793
156
6121
5745
3396
4123
8910
5215
7359
3030
7806
5626
4737
1756
4219
718
3516
4218
1225
738
1432
6712
1103
8458
1282
9079
3617
7424
4363
6197
621
7879
2898
2162
4510
8006
5829
2806
6022
6187
2229
6537
6593
1429
5851
7119
9946
5072
6806
1320
5374
2752
2252
1247
1111
1504
4989
3872
7074
6350
3658
9230
6681
8938
4582
1939
8755
7858
6470
7709
5069
8341
9816
4042
6145
9665
3211
8608
8967
6684
4437
9706
7426
1993
2327
3919
9505
5103
3506
1487
8328
6543
6655
6616
3596
2297
6088
6010
6251
7441
7164
2403
9632
9410
2369
7554
2300
8809
6709
8144
539
4247
1151
7955
4544
8365
2186
9874
3208
2717
4562
5774
5137
7473
5195
4866
4851
6571
964
1969
1183
5662
3114
9273
6563
9938
615
5712
8931
942
3037
3520
955
3251
6835
3278
5656
5647
654
5138
3322
914
7874
1693
1357
4233
4443
4100
2589
1595
7536
350
4119
7196
1974
4833
6341
1731
9072
3428
4035
1628
7560
4129
3564
3948
1230
3337
6707
6315
7433
209
3840
1763
4214
3748
1550
8321
2074
3895
70
6974
7003
3225
7256
5913
3838
9172
280
2385
2613
6794
3
4045
4005
9885
759
4280
5996
4029
7837
9272
1070
9098
8119
6811
3903
3722
1455
2339
7866
7015
4161
4324
9269
3706
4625
8242
1835
2814
2859
9974
6086
9214
7195
9923
4810
5011
1121
1897
2967
7797
8022
5497
3245
1021
7150
7765
3599
9111
2570
9133
5804
2373
5057
5412
2426
2342
5616
1508
6876
6868
5782
8227
1533
6937
752
5720
7924
469
1445
2522
3966
3612
2080
6257
9309
4021
8607
230
8982
2501
715
2587
6706
9292
4756
3762
9811
5056
793
7827
751
6745
8230
9560
3724
8787
7283
4991
1977
4988
8639
8154
7312
3257
6376
7543
5108
4079
9211
6925
6013
9090
2290
3130
7301
720
5861
5238
422
2174
6379
4116
771
3676
7425
1580
7799
9516
7772
1352
4709
4419
3255
7114
3044
1496
454
4133
8815
8901
8711
1797
7887
447
1963
3133
9439
974
5307
8161
8618
4623
385
5694
48
2962
7802
2215
9401
6845
1995
8185
2708
7925
8596
8720
3104
9485
4532
2211
7040
5648
3003
5401
7018
9907
4999
1116
7751
4374
3268
47
2565
7113
5246
78
1468
6052
2677
2969
4952
240
46
8133
2155
7213
5757
1380
1928
251
500
1800
2808
2108
2548
9618
9684
9627
4318
9185
7427
2978
85
5599
7602
5607
6003
8107
2167
6093
4811
9832
7956
1495
3328
1499
1632
7700
3156
7233
635
8869
8131
3632
8182
247
2897
6843
5030
1376
8323
2975
8145
67
821
9058
1794
6885
8922
5049
9361
8776
6439
8324
5230
1261
7901
8796
2683
88
2175
4595
9052
7160
7036
3095
3467
9063
2212
4969
2092
6948
4638
7396
7098
2283
2623
4706
8303
578
2275
6171
8459
7355
1229
890
2747
9390
4184
3518
5741
731
7508
3528
9603
5536
9801
1755
9144
2029
8120
2566
2723
1601
9594
8525
1603
719
6528
2509
8824
9779
5526
9455
3856
3105
1197
6635
8620
8094
2421
2601
354
4351
5523
9935
8344
6220
3468
203
519
7604
5396
4185
3019
5495
8235
2632
7926
9210
5690
9056
6955
2909
393
7997
2503
795
9561
6084
2387
6618
5364
4686
8322
8746
3350
9677
1144
637
3324
8780
3334
3490
3870
3734
2961
1558
8135
6610
9216
7804
2286
7819
1204
1545
6334
8912
7654
6680
4061
1355
3068
781
2849
2363
3064
3730
7335
6784
1278
3440
2341
591
4157
2446
195
1471
3295
6833
3419
9882
1525
3346
199
5840
1635
4549
7046
6068
4801
5758
6716
6366
7825
299
7157
9844
7134
9862
5717
6666
3712
4620
2679
173
3644
4272
806
8743
3300
7308
9204
7465
4460
1027
3630
6238
8035
8047
1602
5991
2241
8299
7065
6821
3559
9721
6733
2745
7963
6270
8906
9517
134
1531
363
6999
912
3534
2533
9147
9232
4279
2166
497
2402
2375
2451
1424
9270
9680
1957
4245
7745
3113
4197
3238
5488
4854
1915
1394
6326
4612
4261
2948
2918
4472
699
8297
4249
4251
4836
1408
4499
492
6395
3660
2287
3263
9807
8138
8082
2911
877
1811
7050
262
5815
3390
465
3320
7244
4302
3785
1586
830
4610
228
8033
81
7659
264
8435
2988
2311
9456
8002
6979
9782
9865
727
5202
6355
2736
6871
1643
5918
2873
7237
9827
9537
8184
5797
4667
6223
3735
1340
5540
7824
6761
5068
6901
7786
4391
2282
6207
1592
6674
7407
6601
1246
7450
5628
5418
6448
2900
8081
1005
1967
1809
5744
107
2274
1054
3744
2933
5651
8965
5615
9408
2140
263
9648
479
9224
7895
1396
1512
8327
9653
3075
5677
6280
2121
5520
6142
1871
1008
8516
4403
2034
4138
2934
1647
7311
1490
5987
2452
4306
6961
5037
3233
3014
3983
3603
1721
6271
4800
6111
7670
4331
2970
7154
5282
6588
6016
9510
3318
956
8875
3107
5432
3491
1542
2511
9770
3969
5799
9928
2862
9549
2248
9355
2631
6345
6397
2149
4253
4425
1670
9286
8956
7948
1605
5363
5438
2924
1104
1462
6777
3247
6381
5794
1365
1131
9190
2299
2269
3201
2738
663
5830
1787
1105
415
783
8916
1316
5487
7675
2145
9009
4556
7864
7201
2508
7185
6416
7518
9604
8391
132
1738
1827
2168
8797
5039
9064
1613
3098
2406
8158
9733
7587
3062
6323
3228
4540
5197
1417
4650
710
141
607
1100
5956
1326
6985
8798
9525
6131
4322
5129
4464
9100
8224
4420
8857
2244
6759
9274
5911
3181
6660
9875
4128
7110
5962
4333
2309
7434
4855
6130
2519
8041
2095
5941
7320
3794
2134
4439
8601
6316
5869
3809
1606
5336
9317
1612
2842
3418
8514
9369
6059
1976
7443
5984
2650
7342
9663
8778
6179
7714
5446
2413
9419
4088
6608
3697
8891
3746
7444
2707
9167
938
5285
2928
4015
494
7769
8225
1075
5010
3553
5507
9482
863
6303
5935
7484
6339
4668
3526
3878
6487
2801
3635
1250
11
8705
7306
8096
4564
7815
4328
8440
3102
7279
7964
4489
2223
7610
8878
7343
7476
7767
8015
4150
9092
757
5674
6074
1368
9959
453
2200
8759
8588
4026
1902
9774
6653
9762
7183
5578
8723
5407
5055
854
9108
9051
6475
6126
3732
5392
1262
8093
9364
7371
6070
6215
7625
8535
594
2763
6799
6007
8992
6208
6771
9622
3593
1666
187
7153
177
8040
7239
8998
8856
2580
9717
6630
4263
5995
94
6163
5828
3335
6158
490
3649
4154
2926
9075
1813
724
6551
2648
8758
1908
388
1378
6640
842
2562
8745
6107
5196
4093
7605
121
8408
7192
2326
8829
3864
5951
292
9360
2729
889
9629
8124
4814
1331
1437
3416
9840
5325
208
9845
4569
1792
5333
1310
3193
5247
4246
4857
9719
2177
521
8049
7954
3910
3323
9712
2045
3573
7419
6808
9243
7619
3789
4542
8934
3938
7828
6209
8879
9911
4415
674
5275
9320
5024
241
3167
7615
7077
8673
6934
1409
572
3738
8451
7008
7823
1776
1341
5458
3874
4201
1844
5700
2674
9866
3591
8502
3500
2786
2753
9113
7826
6888
4050
6650
4631
1200
7717
7252
2949
3297
7029
419
3688
9600
168
4551
651
3487
9564
1587
4355
5007
7170
3668
8972
4864
6786
9031
1662
5531
9554
9871
324
7677
2400
6140
6231
3565
6200
7944
5447
3246
8101
3370
3606
2105
2397
9415
2107
4405
3512
672
2793
7152
6620
2877
1082
9294
2263
2621
5159
5753
5535
604
2685
9612
2313
1172
6976
1192
8310
541
1817
7004
2899
9822
5492
2118
8283
906
430
4685
5134
470
5395
8053
4617
2720
7986
5284
9256
5670
8893
995
4615
5559
3852
6310
328
5501
1047
5544
6078
6396
9234
2702
9339
4319
3387
2770
9392
7664
7862
4970
9301
1084
2468
7167
6364
6718
1543
1081
2834
7884
6028
7530
9084
6443
315
215
1944
6406
6041
5778
6210
1323
5881
6919
3653
8954
9964
5348
4310
7719
2515
5362
7173
9021
921
8585
2005
1161
3035
3374
3661
6866
3410
4755
8536
3505
4875
1823
5841
2581
5554
3073
2687
3056
92
819
6939
279
534
812
8241
2704
9107
9200
9304
5099
6883
6060
9812
2598
1476
5646
3264
2472
151
4486
6359
9346
2604
8850
8156
9226
5755
8465
4513
4290
4522
9790
3628
6446
8336
3309
636
4585
6429
8498
9138
7860
2616
5334
4516
3338
8024
6288
9956
3492
7012
9565
3531
6063
9305
4041
2193
3501
7472
4494
7918
1001
3620
3700
8623
6384
236
1807
5562
1048
1709
6493
7705
5750
3544
144
6356
20
3692
7499
7447
6407
4388
7630
6731
6335
3826
7366
1010
2143
7083
7999
4350
8907
5493
6282
3361
9288
6152
7035
4377
669
3828
8852
1888
4414
9979
8719
8260
9180
5312
4292
5643
1610
1758
8538
9750
9120
441
8386
9223
7222
568
811
8155
524
5754
9949
7742
7623
7307
6705
7388
3042
676
1676
6095
4293
3090
4498
4784
3958
253
2265
3756
4702
9088
9405
6702
870
8721
9637
834
4016
7334
2133
8215
307
2123
4957
5309
9443
9179
3058
9140
7740
5547
8583
4446
6447
9340
5340
9383
1026
344
4684
2847
7929
482
3174
9366
2820
4635
6166
712
1941
7063
1222
4283
5429
131
2563
4139
2818
5746
4745
8129
6032
6892
4583
9724
2575
150
7001
8831
7010
4003
833
7801
7132
5779
1663
1228
9417
2236
3967
1522
2225
5454
8848
4346
701
713
7091
6333
5186
1254
6020
6232
4463
7249
2436
3984
3703
5176
1205
2318
6106
6237
1530
6091
4890
2204
3631
8205
6153
4815
4399
5508
7791
1891
1073
7898
9793
1739
4307
7049
9018
1348
7033
1163
4956
2940
5179
923
2334
7829
2577
6169
2597
56
6982
3143
7133
8990
9583
8898
1873
4236
6832
2466
5659
9976
1484
3057
9542
6847
784
2822
7672
7967
5143
4541
8462
4136
4496
9434
7338
7576
1237
1096
4876
725
891
9142
5378
673
6247
7041
2799
7400
3077
2429
4191
7641
3353
9073
7295
2164
6913
7478
2163
5981
9951
3157
1781
2629
2340
6477
5959
1930
9082
3463
6077
4265
6217
5475
8903
1276
765
2247
1252
4054
8425
655
6609
753
3911
7846
4683
1184
265
1576
5818
218
282
6928
943
7453
9514
4066
6624
5542
2633
3607
4367
4064
5952
1285
7326
684
2552
9338
611
100
6109
7724
5440
744
542
991
8999
2531
6205
2670
8627
1299
96
1194
2925
9608
7685
5352
537
6411
7975
4632
796
5015
5399
6046
1883
9628
6818
5035
8669
7573
7375
9930
6301
1956
1217
3932
4867
3755
6160
8702
7912
1439
7057
1806
8149
6946
1218
2260
8841
9743
9196
4660
2081
8476
2833
9836
4225
9225
1920
8772
8818
255
4903
6260
2504
2569
6607
8694
9091
9710
1816
9703
8779
1235
688
2805
4131
4910
6386
8810
4034
2882
6611
9154
739
1428
2197
4085
689
8307
6211
5637
4018
3687
1834
5862
8489
1457
4924
2889
3885
8298
5256
7671
4366
2804
458
2560
8564
6834
7859
8593
8063
5521
5365
7596
4254
2082
2855
9131
7075
4020
5263
5355
4121
8628
267
985
3108
9181
2003
5078
136
7124
2437
9418
4102
6951
5539
8888
9753
4693
7548
8941
3926
1736
1682
9491
5676
6424
9839
5525
5711
7960
9633
2787
6420
2619
2983
1182
5822
7058
1080
3063
5734
7084
9362
1177
8662
6040
7282
7013
2710
4701
8313
4990
8844
2089
8555
7732
3097
1293
1374
3079
4353
5062
1505
6778
7389
9249
908
407
9981
5033
5144
6893
5221
9570
3798
1203
3674
4294
9941
8690
259
5456
7747
9431
413
1453
1502
212
8197
5767
5853
4317
9045
3981
284
9176
201
4897
4276
5827
7108
3254
1413
1507
2781
1213
9332
551
6358
4687
4750
1948
9430
658
2696
7950
5291
9771
1473
6797
2665
2058
7810
1153
6156
7309
3040
4921
9126
9039
8125
8018
2203
5678
4507
2639
4528
1851
2912
2176
6105
4320
8828
1762
903
1978
5912
3273
3144
5380
2116
2351
8626
3074
3956
2315
457
6617
6735
7412
179
7949
7526
9163
2097
3399
3727
4911
1571
1303
8968
2769
9237
4497
8373
6993
2510
6080
8316
816
3315
8784
301
4187
3218
3154
5706
4548
7989
5728
8199
6814
3988
4553
8222
7120
5990
3655
6276
4436
1921
6520
7803
1360
6255
6262
1411
3584
9042
950
2266
499
3639
7146
466
210
476
3540
5130
6631
1992
4200
703
5042
5020
7092
2572
7969
5351
7090
6929
483
338
6267
5239
4974
5671
1607
8122
7524
4308
7257
4372
553
4022
250
7076
372
5584
4147
3806
4212
9891
2980
7194
4043
8521
8708
8769
8415
4229
8367
8079
4013
3582
977
8605
2138
7856
2259
8684
7042
826
1540
9737
3824
6890
8877
5917
4824
8106
8813
1582
6641
926
8292
9067
3085
4546
2950
2725
4550
8070
406
4250
7265
8239
7006
3803
3894
2093
41
5836
5697
18
9649
2181
9043
853
3482
8428
214
4379
4208
5139
117
2137
570
9619
8584
7292
4983
5735
1918
4659
2494
1598
7066
9480
6942
3939
7733
4083
7329
2169
6178
2521
2558
8032
4007
6554
2760
4950
508
2676
142
5219
4529
7694
8418
2079
5023
4105
6556
8870
7616
7500
8496
8112
7523
8140
2070
362
7961
2372
8947
6644
6454
900
1954
1748
6229
1137
1240
1958
8508
2219
2498
3696
2380
2280
1740
2772
2224
8932
2335
9995
2603
730
4785
8326
4267
9881
6468
1224
9647
7750
2469
9395
6813
3859
6738
3380
9920
71
5888
4714
8455
5775
9429
8014
9413
3426
4326
190
8294
5408
5092
471
3833
6432
5729
9027
5273
6116
3121
6904
6319
4860
1294
3626
2420
5290
5214
1308
2439
9652
592
6509
2253
6507
242
5909
855
5252
5255
3489
2035
4321
4538
5555
384
6274
219
4209
6123
9055
9440
5915
8881
9523
1318
3412
8794
6308
3819
1451
8866
7907
9691
9141
7463
7510
1850
4314
1937
8072
7683
2000
9261
9077
5421
9888
9048
5680
2192
4186
3860
178
1991
7106
5610
7638
9135
2037
6463
7181
5274
2031
697
9699
1150
580
8190
848
4592
7974
1717
3159
5698
4432
2355
3651
3151
8432
3473
9511
798
6322
6627
8056
1444
2090
9992
3325
9566
9698
1980
6534
5907
7987
2235
9685
4262
7305
9217
931
7269
6398
7273
4723
3168
8589
9124
8751
6204
945
9452
3891
2491
4849
9012
9580
1856
7528
7556
2418
5652
495
3096
9662
8420
9539
5003
9830
7821
8736
3972
4560
544
4740
154
8004
2268
3081
6763
2741
1765
9592
8811
7358
6302
5014
9187
4982
8825
4765
2021
8675
4504
740
973
5856
6856
7486
7102
5590
4299
9161
9207
7368
8461
5450
5630
8966
8331
2441
6967
3848
2388
6114
4110
6536
2075
5947
1799
7261
2759
1840
8572
5575
2634
7790
9188
1822
1472
7903
9344
5480
7401
4641
1875
8500
7207
8335
1038
5595
2956
4454
8750
5301
1820
2183
6265
1071
2715
5233
814
1551
1260
1585
7934
5842
2935
8821
8631
1379
9316
2916
1514
2947
4944
5150
7566
7731
7838
4479
5709
2764
7210
556
3586
9912
8127
4286
1959
2432
4901
1803
4872
9982
6623
3406
6555
8997
1381
7377
7238
7831
694
2412
2583
98
1777
8978
4652
5960
1389
622
1097
8248
3050
6214
1649
9023
3141
9909
4285
5229
9040
564
3702
9692
7235
3592
7169
8259
7849
8038
5317
6049
4004
8097
9718
7348
8686
6574
10000
104
512
9915
929
9789
4771
5649
6984
6552
8617
5265
186
9965
9937
1440
3439
3726
3427
502
1747
8842
6743
8261
2209
7776
7571
9297
4087
2815
7532
3445
2714
1620
4761
7372
9183
9769
5972
5588
6241
7932
6249
7038
4656
2301
8424
3731
1673
6290
9219
2870
4168
3433
8896
5826
7537
1690
6383
9473
9494
668
3659
8009
4575
414
7255
3049
1905
4459
8247
2030
9655
6696
1160
9065
1733
1660
1477
1742
8483
7193
9896
2751
3027
6198
8280
5611
4063
4483
1548
4936
9994
1754
8174
8550
7144
807
8046
9081
4881
8287
4871
1398
3598
1708
2492
1277
4434
1425
6541
9741
9481
2989
8116
31
4001
4295
6219
4651
3289
4027
1295
1767
8871
4557
8203
6521
2622
4909
3905
4011
318
4345
4408
7723
445
1258
5903
5585
573
9122
800
9096
5087
2050
7768
5867
2052
2954
6458
2308
7770
3678
2343
9504
8804
9985
3339
5116
3928
2323
4782
3131
6228
1040
428
5090
7507
8487
7937
7868
4566
64
9621
3871
6903
2846
7972
6578
7958
6737
3016
2158
8962
5008
7331
8164
4898
2024
9550
5156
9241
5569
2976
189
5286
8504
7676
7281
4894
5387
8001
5863
963
222
5906
501
8066
9171
3134
4584
1489
750
3845
4055
394
4826
6766
2535
9263
2078
7430
2059
5101
291
1641
6991
9110
4820
9061
8279
7260
4604
9153
9783
2054
63
8043
8652
1741
9860
7687
6128
6638
5936
3797
379
7145
7073
1637
691
1611
9354
4335
1782
9136
5222
4535
2473
4433
4019
2152
2433
1988
7674
9567
5580
3568
7818
5316
1377
6141
6595
5174
8390
4992
5358
5798
1855
9103
3172
9689
6823
7317
1280
7456
4759
2004
9585
5505
1929
4772
1879
8132
3914
1981
2142
2293
4484
5194
9547
4458
6272
617
1231
4259
2196
7590
1678
9740
8537
5293
3162
6457
2073
3527
5762
6632
9858
6744
5931
9497
6065
4453
6048
3259
9257
1665
9029
5719
475
8700
3667
4658
7163
3807
6820
1724
9112
1154
2684
5901
261
8865
6402
6651
9954
7885
4786
677
73
8575
6542
9002
7391
2865
4111
459
2891
9335
2041
726
5310
7667
2828
4356
5280
6287
736
2625
8488
4271
2015
5127
3138
6907
9679
2407
7384
6038
6186
2905
4795
1878
5897
789
3222
2524
507
44
7363
2957
4031
3311
6877
4932
8960
3496
6916
2
3451
8523
1037
7130
2610
7627
1321
8803
6199
333
3480
8944
3033
7656
7976
9146
8568
8561
7416
5792
356
6134
2233
3849
9818
2724
3031
7352
8685
5786
5135
1621
4017
9799
2758
1319
6844
2871
4462
2302
7729
4431
3401
4645
6256
5973
4304
629
5414
4690
5944
2305
1305
7327
1263
1744
6535
5623
3446
9268
8339
8399
3429
6734
3455
6467
9763
5442
5631
8899
4313
1210
1973
383
4773
4530
7775
9686
7688
7756
1337
3787
6452
8528
4764
9376
5100
7511
1946
3741
2191
8706
9412
6598
4633
2749
5114
5036
4928
2486
7325
3043
7011
8449
9714
1045
8263
1994
7935
4680
8709
4358
127
8501
4682
2876
6185
3129
6097
8915
8319
577
7718
6765
182
4368
5060
1291
6317
7788
3567
6173
6884
105
7332
1554
5305
7933
9963
9069
1356
4948
3665
1312
5331
7045
5894
5296
4859
7698
1934
9321
9202
5381
3088
270
6825
7941
5245
8614
2579
3002
818
1664
7746
8177
4354
3936
8666
4971
1157
2150
1347
7280
647
2279
5835
8897
1860
3978
26
3723
8862
7206
7360
4678
4646
6506
7139
9754
3957
4832
1024
7502
1125
1418
2295
7402
8218
6221
1307
8083
2588
2881
8330
4296
5899
7695
7552
3884
335
4930
6849
805
2296
367
2617
5048
2495
5125
1593
6603
1407
427
1701
5050
5860
8293
1501
8325
7103
7634
7037
8868
3354
6442
3543
5732
543
7549
3187
6172
3604
5865
5688
525
5207
1209
3953
1465
7339
4576
8036
9209
561
52
2756
6034
140
7805
4531
992
606
5705
1029
5262
2783
1984
314
2012
4850
1961
634
4028
6822
400
1509
7212
8799
6196
6414
2180
3944
351
7551
3521
2672
5769
8285
7297
3541
6056
2428
6090
597
4300
6112
747
7597
3385
9654
1108
7221
5491
3605
9667
5299
3405
8949
2591
7043
4746
7248
1004
8545
5788
8510
4827
705
7168
1539
8482
6710
5980
440
7710
8989
1556
8792
6330
1149
1427
5027
6719
2427
392
5664
7840
7156
2228
6938
5410
2784
2002
4086
6724
7417
183
6614
2612
9552
6699
2809
8058
1884
3682
7985
2100
2303
6422
9379
3771
8366
8442
7333
1456
9582
1190
5021
6966
8566
8845
432
6182
3578
9913
8492
4159
640
3815
1761
2663
6762
3714
2788
5371
8505
2359
868
5657
5875
8354
7211
2007
6773
8305
5638
898
9646
1185
2272
1112
257
6606
7125
1630
7488
2938
334
3529
9675
999
9533
3160
2161
1872
9235
200
1764
7527
9470
2289
13
3680
5155
2982
5085
8682
9705
5949
1155
1583
1642
1725
5701
7353
5389
8599
2691
1052
630
8272
7843
6045
4406
5766
2507
5568
1846
2016
2852
8404
1570
7764
2941
6391
685
3904
3166
4108
6508
9524
1095
4839
4120
2628
4568
1420
6348
1895
4416
4598
5107
2750
5382
8234
8065
3359
5182
1176
8084
7024
4619
9006
5679
5189
6138
1683
4844
1774
8649
9849
4284
8398
3995
6409
3999
391
8654
3356
9969
2018
1640
2139
5377
8911
9302
6767
4491
2525
1932
9892
8733
8191
5298
8873
6870
9143
4153
7581
1783
8633
6553
2350
2014
5879
5271
4493
9806
256
7464
9889
1798
8747
8087
9804
5190
8410
5029
3841
7310
7032
9019
8696
8171
7716
6769
3737
6170
4505
6351
9307
3203
3358
5406
9115
7020
9796
774
686
6723
7681
8414
6658
8213
6399
3729
6501
5518
4848
2645
9503
2199
8198
7603
2545
5785
4518
9501
6558
9820
4206
2354
5565
5846
2851
2365
1730
9538
1002
2500
3145
7591
8148
8486
3951
9851
9610
4338
2284
7763
1896
1488
9515
1842
913
3355
9943
4039
9319
3391
4874
8352
7910
3024
5067
4224
57
3572
9777
9312
1126
6878
9955
4440
972
2182
965
9611
9726
8665
7214
9922
6278
3925
7981
1986
2056
794
2419
9444
4574
4180
6094
468
9773
3569
8761
327
8490
305
9536
7971
3558
6103
1752
1062
1498
7466
2227
6481
2795
8187
7370
8211
2009
7909
5175
3373
4822
2630
6704
2194
6462
2699
7149
6996
8677
8629
5225
8741
4162
2922
5133
2157
2382
8274
7005
2457
6886
2605
723
2278
6810
4109
1061
5998
3976
749
8724
8175
9324
9489
1922
5445
5236
9460
8770
4753
8517
7267
735
3086
2618
8495
4842
5749
49
2008
4861
4912
843
6473
8269
6863
5237
1720
1353
6400
4506
1529
7842
4963
5332
1775
5338
258
8463
2470
2538
4885
2478
9170
6388
5005
8189
5360
8441
876
3503
1849
4137
5722
5760
6851
3648
2218
5249
135
3795
3185
7940
9499
1699
2660
285
3670
6465
3677
9815
8139
8493
5644
4698
3906
9403
7271
6254
7274
6009
6427
5791
5538
9595
4673
2537
5342
7657
5928
4176
767
3654
9398
5404
9468
5448
2337
8843
4715
5216
7438
659
5
7323
1099
609
5668
9298
7471
2649
8179
5473
4964
5692
8110
7847
1132
4629
7757
33
1475
8037
3757
2908
3199
6349
1667
8660
1743
2766
3550
6619
9555
6842
8789
4880
9532
6469
8180
1325
7278
3469
123
9003
910
5121
326
4409
7088
172
3431
9574
3094
2202
9358
2584
8935
1526
2554
3017
8531
810
5619
7752
9883
3754
9195
851
7857
8371
164
1886
6760
8016
4840
8790
4360
4179
425
161
9370
9899
2990
1012
106
233
3327
605
4727
7589
3437
3782
9734
8530
6318
5479
69
6011
8676
8317
6394
4829
6964
5661
3345
217
2238
5768
239
6168
8223
2640
5558
6538
119
4823
4239
3935
8542
8969
8109
8749
4724
3147
7294
433
467
4920
2250
7643
3253
3917
6425
4301
4503
5993
8560
9282
3959
463
5833
3883
7678
3053
1309
3847
120
8554
8172
538
3638
2937
5070
3510
1832
2958
3627
1186
6438
7946
9756
9905
5459
5622
207
5304
6472
6195
115
6295
188
6357
7337
653
6800
2443
4173
8820
4884
6099
6648
9939
9433
6747
6125
6782
7490
758
9534
5756
1266
1951
9280
2482
1372
4729
8117
4605
2036
768
7243
9239
7411
4143
1371
4545
8612
3583
2543
9300
9464
276
9897
7966
838
2128
6246
8160
4012
1402
3425
6415
2447
9674
9389
3805
1706
7445
9227
6572
2864
1691
9626
4369
2680
7973
6252
7567
4080
8826
3116
5560
8089
4395
2102
8786
3015
8409
6023
503
3851
9745
2946
1564
2688
1275
1422
8266
916
957
2792
8822
4067
6061
5329
2878
5850
2328
4378
4053
2208
3662
90
4657
518
1889
1898
9177
320
8511
6656
7897
6817
7487
981
3423
1943
7578
1858
619
9990
345
7200
2424
4158
409
8329
3968
6076
7085
3614
2932
9739
3979
9797
1757
3137
9576
7557
5193
9850
3791
7636
9643
7397
4329
452
3420
8423
4707
2110
7291
4572
9766
60
4235
5303
8478
7275
2040
3403
8993
8619
4058
9764
6540
5876
5530
1221
4114
2319
382
3663
5854
2955
4555
6926
8707
2256
167
3466
820
8031
1130
1332
780
4691
2930
6031
7122
7176
6686
2901
5633
6175
1384
4072
2902
7626
4926
3291
6787
5805
5890
6594
1722
5573
6370
935
2254
6054
2304
1289
837
5625
3378
5384
526
6372
4336
7540
8136
6960
3475
8807
1448
9925
907
5489
4776
6612
9409
6526
8073
7242
3308
5640
2053
9948
2953
9543
7631
9160
1259
5322
9683
6940
7663
1412
1532
648
8939
3998
3118
1059
6133
1449
8644
7984
6678
874
7753
4606
2390
1438
298
5512
6711
6264
3887
7136
6573
4938
2656
1030
3204
8470
5481
102
169
9014
6390
3183
3371
3657
7492
7501
704
8524
5136
6174
9198
1092
4203
2205
4649
3970
3556
8353
9278
1847
9382
5241
8576
4052
238
3610
5533
8358
2647
3357
5349
4502
5597
7241
9784
8320
8624
6831
7287
5326
4370
5031
9520
1671
7817
3052
6736
8991
3217
2573
4213
5462
3252
1382
8581
4423
7315
9348
7140
7693
2394
5416
6510
1588
4481
4146
8383
6304
4677
1494
7179
8958
1168
5142
5825
9034
7848
4808
3072
6599
5199
2832
5957
7519
1180
1405
1311
8663
369
884
5682
3685
9425
1696
2692
1283
3029
3301
6629
9289
6952
3457
5482
2906
3542
4032
4803
1164
3284
6914
9738
4787
7722
2754
1608
846
9842
7266
9450
9127
5958
743
3248
5436
5394
2700
707
6694
1430
3804
138
1616
3973
4825
1713
3404
840
7330
3535
7258
1300
5081
5353
4527
5205
4778
5843
792
548
1342
6259
1812
5106
9702
7546
5721
5455
693
6216
5494
1399
8244
7514
6522
817
5391
1615
2271
7808
7539
7588
8918
932
2782
571
6628
9898
3745
918
3219
6132
3434
6464
7344
3265
1232
6566
6867
2667
3235
664
4958
7577
5147
7977
8405
1734
6393
5397
7197
3165
4226
8309
7533
8880
661
54
4411
5253
8957
9025
6336
2281
4397
2765
802
1770
5471
8454
888
1953
7665
4962
5490
9296
2963
1086
1117
8752
451
2627
8217
2389
9194
1255
7908
2996
9068
6268
1016
1403
5086
5820
5321
8255
7174
1555
5780
5140
2872
9454
4287
6815
7762
6803
3832
976
6412
4543
702
2043
6235
4927
337
7184
6751
2586
3681
1506
1574
1135
2085
7785
8929
2869
7760
4752
5232
8830
3180
7506
1196
3408
2644
4122
2405
883
4559
9846
9877
1795
9713
3666
2532
6451
438
9151
1136
5618
9513
6634
3816
6714
5398
2417
2987
166
3764
2187
7928
909
2544
6584
9094
6900
2890
2561
1804
6958
10
7792
7341
8985
7247
8563
9318
8407
411
9461
4780
5261
6677
799
2425
5955
779
204
8068
2611
9465
642
9530
1924
3814
5716
1885
2712
9303
5529
8921
7079
2722
8456
4311
2551
7648
7386
9020
6426
2434
3470
7639
7097
7593
5624
7188
1866
2885
6523
5058
8389
6266
4390
7572
6570
3511
8146
3779
5128
9613
1955
6828
1697
1686
152
9
7666
9488
336
7951
7141
8356
2438
7913
7225
1825
9841
528
9695
9562
3515
7245
2894
8115
9672
959
365
5994
7832
7994
7649
2213
7002
1627
3196
6977
5452
9123
5570
5461
6261
3786
7161
2564
8017
601
9658
9579
3402
8905
6024
3777
1481
2861
7495
5383
4838
9050
3226
8361
8302
4141
8622
5444
4942
461
5898
8886
8553
6682
2474
1672
8178
8289
1284
4975
5288
8926
5793
4442
5192
8042
786
1074
7730
3575
8074
1599
8268
7385
5665
8111
2325
8883
5463
8571
9472
9041
8973
7996
6159
3810
2445
5613
1367
2959
7081
915
1837
940
8959
9825
1702
9861
1245
3099
6148
7
975
7851
45
7155
8402
2357
6848
2338
9895
5783
5946
8270
9526
9541
4933
3321
9817
1609
5564
37
1578
4223
3054
2539
6495
1839
4708
3146
9970
5028
6969
8713
8928
3319
8728
559
8460
1156
4098
4670
9290
6324
6971
5264
8104
3736
5226
4393
1297
9463
8394
8126
766
5686
8630
5223
3261
9864
129
4978
748
2574
8506
7199
6749
3478
2366
3089
8147
4981
1577
8052
1069
5874
3039
353
7378
9166
2821
6983
3112
8693
7861
6992
5939
1072
7876
9934
8895
5151
130
657
4270
4939
1681
6533
6970
4594
6597
3770
6193
5146
7277
3788
8491
841
9356
1244
8971
7990
9687
8362
2210
587
4626
755
2087
4107
6029
3215
8387
9005
7215
4373
6855
8232
4614
2497
822
9723
5937
7930
2841
3136
5552
993
7351
5161
579
7099
3220
2471
7290
9644
8067
8951
2810
8368
5052
2516
3834
7555
3332
4112
3557
7899
2084
6902
3271
979
5158
6057
6512
5354
5373
7691
3032
4215
6789
268
5457
3464
8499
6072
9182
1344
1711
8312
9828
3713
9696
8546
9483
7789
529
1703
7927
4600
6545
9768
4474
3509
9254
2835
9134
5803
1604
4471
2467
53
3126
6911
5002
788
6102
8900
2234
2789
962
2923
1146
3892
9118
6455
3537
6963
7055
5914
1901
8909
3989
4407
4010
3135
509
5576
6861
8533
7628
4697
491
4202
8834
6989
4581
1142
3389
4144
6980
8961
9095
4713
7686
6263
5816
4305
3763
4448
8650
8679
6793
1138
6486
925
3111
4915
922
4537
2971
2314
9352
1853
5244
9373
7087
6189
9700
8251
8580
8609
4931
116
7783
7159
7505
9152
3200
742
6490
2220
1234
3155
9697
6527
5961
4495
4244
1339
9746
6754
9999
1361
6887
7651
9917
6404
3574
1692
9466
9725
9884
7917
5743
5283
77
6613
5171
899
7178
861
9311
4413
6378
1998
27
6392
6118
2222
9197
306
3775
2718
8376
493
6879
4558
6557
5921
3858
7900
4075
4694
8438
8143
2824
7844
5759
1591
1870
5974
6703
2255
5172
5260
9076
8781
206
2599
9378
769
5372
9914
5537
1833
2374
3266
7684
6361
1181
5673
4169
4696
4422
6689
5004
2802
9661
8801
3182
2571
1687
5212
3120
2528
360
7711
9936
2892
5600
7284
341
2973
1520
7324
1119
1044
3766
6499
6663
6827
5420
4643
687
586
4642
4488
7680
51
3808
269
1215
386
7993
9742
4888
5079
3243
2288
8742
9435
1987
8209
6368
9586
4899
5548
626
3760
9467
1876
8590
8543
513
7234
3522
9089
5612
1251
2051
2207
8245
4024
1808
1661
4914
1364
1110
8819
6864
5198
949
3801
1705
9208
3765
7203
378
911
7051
9279
4524
9350
9601
5180
8667
1639
3023
7839
3481
5451
4315
7979
5082
55
8057
3994
4704
804
4090
5339
8238
9049
7483
5267
1375
8923
5170
3739
3244
9085
2711
5460
2840
4412
6485
6909
5724
157
6912
9199
1534
2607
5581
4468
6100
5883
7044
456
4515
21
4469
7644
2913
9744
3488
4634
8902
7469
1622
9414
420
9315
3499
7916
4198
608
5341
9247
6082
3719
9809
163
3740
464
5419
1524
1562
7547
8512
9295
9000
3866
5093
632
7116
5747
5800
5691
1927
7998
1207
7735
3602
6460
4490
7230
5208
6944
3411
5089
1286
9213
952
3761
3986
9630
6671
8246
928
3853
905
8913
9416
3227
5277
9244
6805
7158
408
4689
4309
8240
7286
8393
9367
3963
2643
711
2662
6954
8364
7138
4923
7498
6698
8683
4739
1653
4466
3454
6720
6986
1785
3230
448
9330
6858
1516
1330
7263
1298
8013
7436
5976
7516
1442
4534
6729
6373
8925
3669
3576
6434
8267
7570
5802
1281
1626
2780
4070
3231
9819
2459
3274
5864
2101
1645
7019
8573
6234
3091
2245
5813
6377
9614
4207
7943
4579
3258
1167
7380
3733
8668
75
2151
9657
174
2117
6300
2615
4492
9590
9847
9010
8552
4648
8427
7318
808
5295
3110
6936
6772
2237
4865
6874
5715
1385
1090
5832
4452
4512
6515
4252
859
8221
665
6096
4048
3194
7016
9805
7931
2661
229
3595
7461
2409
3302
9205
8034
6600
1315
2895
776
4000
5328
1985
9057
585
8333
9546
9544
4025
1968
7028
5801
1147
4743
835
4802
3918
2910
9116
4779
3286
2352
2386
4624
2348
8701
8762
2440
5714
845
721
7117
29
1098
6532
3234
3728
6931
6488
8731
4380
2732
6750
1881
1113
2231
6519
9033
850
4940
8681
7562
5635
2546
7448
7052
531
8497
2033
184
4181
1270
8754
7759
343
4816
1745
4382
5257
9791
9093
8846
3552
3889
6181
8208
4775
7813
7209
4837
6236
2896
3799
9035
1292
7259
5945
1538
1949
9212
9670
4853
6104
2559
9641
6503
3055
8370
6476
4362
83
234
237
66
9178
6841
221
3184
4178
7082
4195
6882
8090
6019
5546
5731
5012
113
8767
6692
8812
2608
9221
831
9973
1395
4663
6717
6654
4258
6053
5120
1175
832
6626
3783
2156
1265
7881
2020
9952
3993
3708
4428
9054
4770
7737
2771
8604
2455
4804
6915
2593
5453
1279
5551
9496
196
7293
7296
371
4613
8827
2201
2384
6017
6347
9572
412
2368
9028
3375
2689
9903
9863
4167
1527
6227
9557
4511
5672
4760
3210
9599
4359
3923
8308
7601
4238
4199
9709
2317
6881
3004
8983
1017
9927
9708
944
3250
644
62
8249
6726
3888
7793
7992
5294
2401
12
1058
5653
3913
678
823
3581
330
5318
9623
2999
5943
1345
6670
9477
3525
