10000
2024
8040
829
9027
9187
9631
3955
3690
5463
9952
5094
9229
8216
9172
5214
5252
5180
2851
3914
3217
2018
2437
3415
3574
1669
4439
504
1168
3668
1542
9473
7377
6425
4944
8261
4839
5168
4208
7067
3441
7301
5993
5446
8148
1495
4312
6755
6286
3595
9002
3403
3119
2217
5842
5474
2151
2281
2696
8672
774
9597
5519
1200
6791
384
6897
4461
4395
2017
6041
1372
5867
7648
1115
3681
1110
6727
1020
1788
339
3994
8832
684
1929
3494
1665
2028
9115
3385
2087
8049
4843
1946
6325
9107
5319
8571
7777
1278
2768
7037
3027
9370
2338
4993
6328
1681
8422
6874
6681
8986
5936
9630
5896
5117
9960
6651
8814
9173
621
7053
722
2257
7661
842
8238
416
8551
6896
1526
6488
3776
2946
409
7341
8026
138
7655
786
4481
7989
4618
5068
1392
1819
9356
3654
9669
9380
3710
6494
2339
3538
7461
4864
4077
3096
4431
154
565
3545
2320
2193
2275
8144
3623
9894
4411
7998
1109
48
5585
3007
9581
7558
1499
7470
9775
1825
4245
7194
2749
8505
4143
8520
9315
3558
2713
7636
3327
3627
3354
8868
2284
2834
7509
1718
4688
6358
6226
9792
2318
55
707
2664
7865
5814
118
3313
2395
5285
1306
1083
7770
4341
6715
8365
9896
4663
3777
4590
7878
6011
7686
5893
9507
1970
4279
8999
8815
6267
7252
8565
6428
7560
2662
7125
3191
837
1552
2276
8110
3571
1722
7123
4549
2387
57
2298
6539
8892
501
5773
5403
3593
5851
2981
6029
5614
1873
1854
7193
8866
4060
7647
8292
7888
6265
9070
9445
4721
9773
7117
2066
4498
8962
8200
810
3465
2487
7339
4967
3231
2783
8345
6057
7676
5744
602
564
9281
7634
7744
8906
7133
2912
3580
5777
2712
7000
1826
1628
3711
5141
9068
8204
6721
5063
4859
5105
4234
807
2093
3012
1901
4405
8591
6888
3723
6703
2755
6337
8858
4002
1389
7106
3358
6965
9683
5466
7422
5877
4314
8621
4947
2865
7502
6996
6878
5078
8469
9944
8711
5044
3427
7460
5212
7103
2262
6918
7496
2231
9754
1450
6174
6986
9735
439
2824
5865
5377
727
6639
7595
6920
2025
8334
259
1615
1370
1538
8506
7448
8658
1964
5060
2963
4958
3951
1481
6243
1993
4296
5002
5482
4297
9329
7211
8282
2756
8257
2475
7083
632
6088
487
8577
2357
2148
7896
2739
5795
2566
2039
3540
3177
7985
2070
6107
9703
1435
7233
6810
1102
4414
1599
922
6587
6263
3971
5254
4803
6646
5712
2644
3026
303
2260
242
633
3809
5755
1823
8120
9776
2826
7621
580
3180
6693
3735
3490
4992
8394
5448
8538
5753
3297
2171
4758
342
9866
8031
9307
3685
3446
7934
9394
9430
611
1605
6477
3586
9883
4579
7919
8357
1630
2096
7185
2003
3556
8797
844
4337
441
6516
9326
5159
7695
7681
328
8773
8564
6165
3305
1780
9671
4233
5062
6208
6394
969
5215
2647
5460
1034
1267
1702
4384
5618
6044
5299
1229
8432
3635
7562
2607
7075
8268
5020
5648
3439
7691
4029
5260
1931
7408
7489
7740
6142
559
4434
2118
8212
5873
1670
3780
7963
3667
3925
8994
8350
5343
8091
4305
1752
9262
5101
7624
8525
5177
4013
771
3781
2120
9758
7827
7153
3511
7593
5791
8231
9256
6363
3076
4719
3328
9715
4772
1693
1421
3028
4986
2532
4517
7576
2488
7385
4387
9691
9041
3303
1905
3360
8397
3449
1146
6777
2717
3692
8405
4987
6840
4148
5110
1461
3112
192
6614
7101
9379
8142
5908
4502
7675
2875
2361
2142
638
6757
1329
9143
3862
5114
3416
3811
6511
6158
2746
8435
2934
150
6571
7812
9614
5145
2337
1315
5069
2470
3357
5084
1367
3838
4352
1133
1613
3233
3616
3183
120
9635
1013
2348
1230
6850
7540
3793
8481
2182
2560
7849
3015
2792
7884
562
7127
1792
7984
7654
1711
1662
5392
3085
7596
116
4497
212
1260
4460
4674
9058
993
3302
9434
4379
9246
9290
1728
4635
2534
4938
2787
9572
8024
4048
8141
2022
3172
371
8861
3547
606
4888
4891
3399
2330
6126
761
3424
9926
70
2375
882
4357
304
4652
99
8920
9464
639
3757
1233
6355
7439
5083
5166
6098
4970
579
5933
990
5595
7526
1837
8428
7264
2583
3624
2626
8035
7166
6212
4489
7598
1858
8766
548
2577
8065
7114
3715
3873
6435
8692
22
3152
1543
8549
7162
6812
4767
9739
6691
4981
163
4203
8449
6815
9659
9772
5961
5862
4051
3722
9853
4753
293
8839
9835
9699
4566
7230
430
1094
9297
863
6751
7370
3569
5111
8063
6650
9842
6085
6140
6652
8663
9403
9331
1684
3103
9819
7464
3910
8217
9004
2165
1810
5568
9006
9519
5042
5601
8062
2478
7856
4537
5785
8772
214
143
7002
5486
1750
3199
9504
4249
7347
407
5719
6061
7811
4734
3040
2885
3285
5323
3160
7538
3075
1430
2090
893
3334
9693
3436
9576
7637
3771
2627
6294
4645
7866
54
9744
5610
4865
5030
5813
1653
864
7094
4
1679
4648
4021
4087
1010
4781
2929
7635
8698
3331
5699
5738
1510
972
5838
2393
9986
1300
8105
7100
9237
7216
2767
6130
3455
8590
8779
3037
2757
5647
2277
9992
9886
2191
5430
9716
7689
7471
2951
3512
1715
1596
7399
5995
1612
6768
9646
800
1422
942
7666
4642
1877
2376
6513
3973
9147
8364
5451
4989
4372
948
6392
7419
804
6641
9880
4004
2341
8919
9093
4686
9725
886
3116
2905
1727
2651
8966
5325
2301
4393
2927
904
8003
9968
8659
2600
4973
9121
2426
884
937
3923
847
5116
7575
4005
1259
3373
4641
8398
5310
3688
9653
7288
5493
4206
7776
6556
8187
4942
6732
6222
88
3073
7146
6966
8479
1667
2127
8068
4915
7506
1855
7928
494
8561
3796
4282
599
4391
5544
1567
6049
6742
1330
7903
8656
3615
6484
5414
6508
4336
4523
8958
5746
7324
8645
1776
1634
940
9860
3376
9440
7913
7995
187
4276
5290
1878
4044
8808
8680
5360
3736
897
6147
1063
261
6413
5178
8077
5889
4941
6913
4751
9157
3730
4030
6259
5528
6318
5108
485
7357
2811
9199
4356
7457
1508
5823
7327
7099
4990
4346
4462
1864
3508
7516
490
4877
695
8582
2224
7625
1112
6656
3918
2014
5739
6289
5695
8453
8287
3041
4927
3656
1549
1614
1189
9920
233
709
843
2551
3470
139
7893
995
4413
7027
6725
6524
295
4358
7828
1432
474
7705
3117
8905
539
2321
8957
3283
7250
1164
1408
5379
5833
6819
5861
775
6603
318
1944
640
3024
3886
5939
9500
4053
1320
8227
5971
6989
2837
1242
9369
3576
2680
2913
2681
4788
247
7196
3337
4135
9840
1688
3706
8071
5942
2081
515
5790
4270
9736
6798
4334
2765
5407
6077
735
5902
5405
615
712
7758
3352
8806
3805
3946
4885
511
9854
7605
3608
4831
8597
7340
1381
5037
1603
1753
375
7425
8338
2703
4584
3383
2825
9298
6218
1286
2213
783
8270
8654
3228
6673
2881
697
3600
9075
3568
2180
6401
3346
7805
6941
518
9311
4554
9774
5691
127
3820
9053
5507
8355
5763
1250
8624
4676
9192
4749
2564
1853
5186
1695
2176
6793
443
3543
9072
3340
2594
3323
6219
4080
1108
7922
7948
9607
8215
3168
691
8556
6565
5948
7295
3324
2163
9605
955
9824
4511
6795
5210
2871
9135
1907
2884
7904
1880
3864
5577
8080
6617
5153
600
2954
415
6124
5590
6988
9547
1167
6463
994
84
2461
1487
8332
7284
7259
6386
5429
4569
7869
7045
329
6854
8121
2847
1031
7653
513
9763
2799
6255
44
2892
1775
8878
5760
7318
6507
3050
2798
5119
9244
3030
5578
6449
6237
9688
5976
8615
604
812
3613
2075
6460
123
1625
3944
5788
4478
5375
4887
6202
252
1992
1346
6522
4058
1066
648
9022
3288
5475
738
3695
417
5602
6216
4265
5468
3239
3661
7994
4193
2205
2804
5024
5892
9818
7344
9664
4582
2926
2113
1655
8884
9482
8950
3810
9149
5664
6404
8498
9820
3135
79
3790
3222
861
5771
7350
1467
9595
4622
2294
1360
9789
6541
5447
3046
6927
551
3145
2897
366
3536
6885
9544
1791
6275
5391
5846
4804
8005
4962
1966
978
6827
9164
6690
8351
1778
2599
7325
689
2780
4121
4850
9654
2733
8827
1204
7034
6172
5817
5284
5281
8508
9240
6630
9808
6709
1568
2139
9418
887
8856
4306
5723
7588
5662
3382
7272
6159
7974
9337
1767
3029
8194
1135
9675
6579
4295
6316
3325
7708
453
4484
3658
9749
7235
4017
8128
3700
7908
9141
410
4699
1253
78
8039
2167
5708
108
3961
9069
8130
1227
1086
8688
5679
6093
9136
2631
434
7011
6887
1781
5256
3922
3589
6741
6925
854
9125
3165
4145
3291
7038
8118
6779
5273
4996
8667
8299
4043
9916
7131
1950
6312
5487
2520
8207
1206
943
9000
1884
5991
1255
9343
2222
4153
3372
5140
9217
3907
5702
6273
4526
794
1128
1808
7952
6583
9515
2895
6272
8886
5752
5858
6154
2477
1626
3321
8937
6664
1093
9465
8640
5796
3518
1889
4837
3858
9710
5596
9396
4350
3054
7336
4027
1502
7228
4181
3976
6332
5970
2920
8384
1773
4779
9947
1351
2279
2434
7428
8661
6089
2842
676
7203
743
9171
9714
1483
5423
988
7189
6185
2568
3818
5514
8228
3353
673
4596
2240
1765
7971
6694
5195
4955
2109
4934
386
8835
1263
2668
8927
4935
4041
8492
2735
4797
1452
1132
2774
4937
4108
1202
2719
7281
9558
4469
9263
8248
8983
1784
1972
2956
1903
8673
3887
1058
3863
6862
73
5643
7207
9794
7400
7527
4607
4239
2578
1539
2085
682
8511
3639
8689
9099
4754
451
3525
7466
6227
1627
5412
6084
7438
1683
4983
8837
924
195
2918
7352
6870
1444
1065
9214
1463
6293
4059
7779
1316
4822
4514
8162
8985
7852
7292
7513
2308
7150
949
8959
1584
7958
1519
9934
4541
1178
429
6886
5449
2606
8850
9480
1994
2965
319
7702
5420
9118
4499
2790
7319
4808
6782
7839
5359
8796
1480
6053
3619
1261
6998
7832
467
6881
3573
9833
2456
2280
3693
9837
3463
2347
6947
7364
2203
2404
6045
3017
1924
7069
3684
8513
4170
1137
1820
5756
4355
9596
8862
9302
7585
5393
9117
5581
6555
7541
2484
7764
8768
8992
100
5270
8570
3954
391
2429
2827
6600
5540
568
4157
2504
3680
5824
1816
6967
5640
5440
1900
6047
2888
2251
1531
5537
4339
9762
9012
8308
6298
8440
822
9615
8285
3122
4729
4574
6087
7119
1956
7128
6138
3649
2265
7945
7911
2226
6611
4191
9419
9681
4209
5863
2695
2682
7599
9231
7831
11
3062
3698
6054
6474
8386
8206
2629
8237
7947
1743
2876
6069
9941
1566
4762
3293
4169
4712
6649
7237
1222
6132
721
970
7147
6682
6327
626
3848
7793
6437
7914
2734
4678
2031
4225
5836
4932
5227
5331
1553
4331
9928
1352
1485
4851
1847
3984
2968
3053
4544
4009
5368
4323
4693
3505
4410
8484
2839
6809
5096
4708
6582
8291
7270
5915
6035
6517
4959
284
8296
6704
7579
7660
3990
4796
3968
6911
1120
6345
8310
3598
2495
7331
4572
5425
6608
9747
3065
1890
5216
8109
3201
2443
5982
4238
7044
395
8510
5131
6205
4001
2883
9387
6670
8122
1842
9266
2245
3920
1969
4717
7943
9066
8851
4743
5209
2106
5905
3816
2105
6955
8819
316
82
8124
5115
4957
7714
5301
1311
1340
5856
1620
9578
2369
7656
7020
6285
4893
5888
2716
218
8277
7670
167
1270
7179
3276
4488
5367
992
6710
4266
4723
5657
241
4301
1756
3830
7208
4869
4524
3312
9422
1967
8637
7936
4601
8244
4943
3279
8401
6180
1471
9454
793
4109
3083
2285
8249
5599
1986
9245
1239
5758
8867
4311
526
5421
9977
8584
2447
196
6800
7487
734
981
9976
2038
2149
1356
6575
1456
5985
1533
4049
8266
6841
358
4738
87
2261
6467
3138
6139
9325
5074
3347
7374
5048
2593
3320
5076
7154
3709
2210
7563
1786
7628
9037
9935
885
917
6464
7107
5470
5422
3827
8741
9741
7704
5262
3101
8348
5968
4777
3885
3483
2459
2611
3274
5750
1798
7198
5810
6640
7972
545
237
6963
9672
9689
2327
8870
7713
2000
9932
6417
4619
9628
9731
7158
8636
2126
6616
9449
9063
4671
3662
1391
3068
2290
4555
708
8670
8964
944
4625
4882
8443
9761
9484
7933
5547
5826
1841
5293
1737
4492
7445
1793
7795
3620
8196
2496
202
9551
5274
166
2711
8233
9874
8987
1739
1927
546
3367
7110
1797
8724
9096
1234
9420
6357
1664
8123
6461
3398
5315
3546
3908
7863
6713
9238
1264
7062
741
4173
8366
7584
5455
8224
2143
5847
4302
1221
2326
308
5769
1187
5981
4604
947
1671
4595
5989
9015
825
4241
1162
7362
8108
9091
2788
694
1223
4024
6627
3941
4195
5907
1232
7920
9532
7245
5600
4354
508
9521
4034
2392
5978
1710
9455
4583
3187
7877
4890
667
5109
2708
1473
2169
5926
9198
7111
7836
6792
5139
527
7468
4260
9275
5811
8441
7260
9876
1650
4104
34
90
3060
9543
3286
4562
9036
4889
3729
7039
5302
7072
567
9908
473
7586
542
1169
2891
1833
9729
413
4476
8516
2601
3052
1039
5557
748
3731
9230
2430
2198
5340
8152
5326
3379
9202
2300
5147
6929
7924
6783
2501
6304
5028
6028
6899
4928
3596
264
4006
3102
6736
205
3254
5006
1729
9397
1274
6290
6612
9799
9509
3625
6343
5257
2587
6979
8974
6546
4289
9643
6223
314
2862
7010
2574
1647
3766
25
8784
5046
5509
4163
9285
8393
1493
4999
6580
2674
5372
7279
1934
4870
9242
6638
8695
8855
731
2856
8581
7320
3266
3707
2793
4444
5807
8137
7161
115
5589
9054
5327
7939
8924
142
8961
9295
834
983
8956
830
8678
4255
3689
8407
8330
6198
7682
3847
3977
2522
4116
2723
1375
49
8743
1663
6833
8568
7500
6774
7517
9087
6347
8704
7484
7940
8930
380
5587
5883
3718
5806
3150
9953
1871
5924
1588
5801
5033
5840
4774
5815
2322
1307
4096
8254
1516
1923
4811
464
529
4070
8788
4236
8136
5496
2458
8898
6550
9451
4180
5090
7748
5875
4111
8115
3164
629
1327
7727
6876
7337
8246
4061
7490
8606
9891
4917
9067
2223
6307
7613
671
2808
5163
6106
8203
3553
3244
2572
7749
8000
6671
8361
4443
1607
4271
2435
4186
3388
4223
288
5935
802
9823
5653
4374
9083
6938
6192
3618
8771
8243
8635
7416
1692
6832
1268
3389
5173
8455
631
1869
1701
4841
2314
9998
1209
8933
2762
6133
7121
3411
7017
7449
4636
8929
7432
2633
8909
7755
8061
3784
3476
2304
1785
1177
5737
5615
7799
6952
1275
1564
7999
4244
9259
4068
8531
472
5107
1687
4010
2999
6292
1861
6066
2493
7277
2917
1038
9481
1276
4703
5726
7137
2833
6907
3397
7407
3945
8451
1328
764
2630
6075
1498
9727
7507
9753
2588
1806
1698
9904
9305
9656
1044
6654
7268
9892
6518
2049
8454
6984
7623
9353
2943
5248
6889
4227
2046
2230
8643
9236
2640
128
7567
6786
4319
500
4105
1292
5017
9046
5619
9274
2794
8791
9989
2868
493
8738
5680
4375
9345
9682
5217
3607
6483
4552
8608
7463
3979
311
3767
2986
3526
5966
7413
321
9634
3120
1390
1527
6605
4956
7644
881
9062
9492
8020
6002
5583
437
2358
3879
1590
8021
9312
573
3797
7993
9468
2270
4620
4613
1746
481
4325
581
7858
9995
248
6735
2264
9865
9512
8494
5049
367
4333
132
62
278
8314
3310
1975
9561
1067
8563
4812
7737
936
4684
1442
6922
2063
2570
657
183
4608
7315
4056
4637
3091
9712
7354
7120
5830
5658
7935
285
6705
3098
1014
8236
7553
109
6658
3555
3200
7183
1736
1834
8335
5705
2162
5597
6127
5586
2932
9604
9085
587
8436
26
5945
4185
8421
8899
4951
4766
8313
5831
7899
1518
7472
6429
8127
8896
6134
4083
6282
2104
29
2164
7164
8311
392
3074
27
7322
7887
8865
5085
3387
9414
3181
6839
1937
5138
1158
456
4724
5132
1488
5350
9966
480
7271
7868
7447
595
4765
1629
9106
4815
52
964
2379
5231
1212
6915
3129
2184
7927
4792
5698
1235
8708
5954
967
6313
2423
1660
2807
1251
6210
4274
3794
2243
6131
5192
5376
4677
8807
1409
9042
4787
674
3362
2539
5000
8322
1283
8607
8544
3475
918
4559
2838
4919
6406
5959
7003
8373
3264
95
6987
19
3124
9696
5594
273
3498
7664
9224
4531
8375
3631
486
491
1581
2835
424
2778
8719
4679
323
767
7289
7421
1333
111
2442
7440
6699
130
8087
7659
6082
9698
5471
2311
9636
4128
7168
8174
8748
8066
1926
7533
778
8064
1682
6346
6097
816
591
6280
3965
1068
7685
3880
6433
7917
2299
5808
7358
9016
9955
1686
7266
4746
3888
2620
1015
1297
2893
8245
3294
3371
2547
2718
5027
1673
6933
1244
8822
270
3987
479
6637
6739
2481
3456
8760
9949
1641
8783
8343
4457
2738
1155
9514
236
4290
963
2441
2585
7918
1761
8197
3515
9258
9255
5990
4528
6078
7909
1005
6826
4366
9528
7987
2352
8631
8945
3813
3149
3178
8517
8653
5626
9479
8572
6865
8830
2239
6497
3482
2097
9112
930
2266
9594
6553
3815
4447
614
2845
3544
2517
3493
1932
1732
6498
5242
6789
6772
7815
3599
5276
4598
921
9475
4194
2181
75
6759
6882
9090
5885
558
1154
8804
8888
2973
4829
8816
7246
4404
7782
4065
7665
2212
8079
8089
6459
3714
5339
4219
2984
8363
9583
4784
6566
101
9831
5251
5120
6720
6831
3812
4603
4129
2420
2985
3817
8648
6597
5127
2108
4621
220
5330
6364
7329
4508
5148
3916
5704
3967
8028
7116
5263
7792
9301
2702
4278
2007
388
7482
2076
5261
353
4733
8762
8781
9321
912
5797
6299
789
8010
9674
9529
3184
1100
8726
7732
8883
4122
7240
8685
1541
9804
6278
3369
4605
1214
9009
3108
4140
452
5370
4201
6171
3281
4101
3141
679
2500
8191
5265
9374
4436
7192
8918
9599
9248
7991
7102
3822
780
8255
8475
6953
3768
1644
9846
2141
4008
1385
7073
2610
8225
5508
9400
999
6679
2168
5531
6569
2880
594
3878
9357
8067
9218
9733
6635
2527
8184
4948
9834
8008
8016
6976
1680
5305
4833
4351
5928
7282
4991
4651
6993
2763
190
327
9116
6746
5206
4725
4040
3190
7767
4064
7641
6520
8756
224
60
4711
4840
1331
5778
3978
8044
5476
8015
7275
5267
4291
5202
9626
5616
2960
5259
9657
2219
2282
7239
6402
280
9384
644
5669
892
5452
497
3401
1770
7247
1741
9573
9760
3751
3791
1219
5789
2967
4322
6052
1598
4963
9178
9401
1546
1592
156
2319
1520
9355
3850
5552
4338
8467
2598
3205
5172
956
8054
6411
3901
2386
7349
2146
4905
3779
521
5504
1136
3237
8935
9407
2641
9021
2153
5792
7066
6086
8622
2371
7894
4273
9249
6848
8012
4854
5275
7607
1846
9575
6369
9024
5158
898
9603
8493
2396
9787
6931
3938
9064
6409
6678
124
2707
3884
2071
3246
911
4368
9030
5685
65
3025
9756
3454
6248
5234
6940
1280
4763
9474
3390
2582
332
6412
466
3215
4874
3719
4131
4025
5402
9122
4665
8081
5710
7454
1460
3351
5086
1254
148
7886
3271
3478
3452
5266
9088
312
5566
5488
8429
7512
1475
3844
4616
8821
2155
9817
2997
1002
6416
5957
6434
9620
1659
3384
6135
2020
9684
6381
2436
3134
1121
1851
7552
4827
3339
2848
1433
9450
8626
3032
8439
7420
873
4495
9084
9195
692
3443
2563
1774
9651
3020
5871
3413
7300
3917
5558
828
2088
2802
4057
1989
9268
1174
5075
5041
8501
9622
267
1528
9253
3251
9182
9413
9673
1469
2027
951
5633
9559
6112
3489
616
1817
9487
8859
5089
7016
4473
5503
9389
836
9039
4716
1998
376
3269
4388
4700
9025
6557
5917
7140
578
790
1335
8462
1060
2656
7976
8170
363
2305
4814
5829
2843
2016
5747
6269
6903
1617
6834
45
4929
3110
2380
8185
2100
3444
8817
9513
9974
4365
7978
6697
7603
9690
3855
1597
2777
2450
5309
724
2507
5397
4110
8111
5453
2828
5859
5637
4646
8617
997
1828
3803
6595
6377
8778
6807
7844
2098
2612
225
7722
9367
2005
1413
879
5845
3590
4417
3447
4394
7
4916
9511
9666
5112
6015
814
9485
4316
1345
8098
5827
2238
566
1532
2056
5904
2992
2732
2498
7406
1009
6660
6055
2147
9548
2246
8359
4846
6950
1427
3999
2898
4382
9499
8053
9868
7709
5666
4082
275
9111
2175
585
226
1302
7783
3612
1654
7486
1305
8585
8251
2528
760
6560
9155
7210
3902
624
4136
8975
1105
7602
2399
661
6405
2650
2232
9702
3326
4563
3421
2509
2502
8938
5923
4548
3045
5930
9667
6551
5765
6179
8427
7926
359
9864
3532
4187
9292
7539
7642
9276
2949
2374
7929
5333
3229
9233
7446
8038
8605
866
2415
4164
1906
9310
4879
2603
3832
7177
7891
891
5388
8480
5032
8317
7992
2730
776
251
2705
6992
7961
5297
3078
1963
723
5661
66
659
8831
6863
3472
9598
4640
7308
4419
9102
6148
7477
5151
9742
3953
5469
5716
7885
5287
9466
6590
4418
7173
9
8188
3919
5237
4106
2414
9571
5200
3843
7221
9061
3278
3255
5165
188
4095
1113
7262
2486
4863
2268
121
5462
7274
2079
6776
6137
7498
6438
7415
8728
6204
1179
7833
4369
2295
8642
6930
7834
3606
5532
6668
7369
8193
5502
432
7816
8155
3679
8419
3223
176
5171
3674
4212
1849
6890
2923
8687
3601
2589
5879
7159
3727
8283
6136
8575
8409
3375
9486
6375
6182
4211
9790
1818
6622
5779
6545
1919
5516
6981
475
4503
5031
664
805
5164
9717
1114
9408
3432
7261
4045
6038
7522
6712
5408
2057
5748
8235
385
1364
6951
16
6444
5656
4638
7762
2872
8775
9494
1157
9049
5834
4259
8033
1602
1369
597
2548
2775
4650
5334
4409
6487
745
5353
6247
3186
3564
4147
9442
4979
7873
8273
890
9810
795
5693
7572
985
5038
9713
7548
7601
686
910
263
9288
5918
4174
5201
8503
5332
3686
9746
483
509
537
8518
7054
2026
4084
8139
6760
2575
3471
6667
9385
9560
5925
9990
5659
71
5093
1257
368
1657
8172
1636
9181
3857
4189
81
2221
7379
5001
9448
6319
296
6598
32
5724
3861
1779
7276
3529
1455
7959
4881
5631
3261
5013
460
5077
9234
1325
3882
8078
3989
8674
3203
5762
3159
5444
8051
6799
3238
4946
5912
4824
2309
7543
9813
5337
7769
6262
6883
8912
2236
470
9764
210
838
7280
7690
1453
8181
8072
9979
752
4558
9282
7829
2982
4698
762
9382
2418
8209
2590
646
1332
7389
9347
8487
2289
7104
9377
8042
6442
6447
7957
1147
4567
5523
1848
3801
4190
1799
4610
433
7041
2192
9912
2013
2463
1838
4168
6491
7739
5551
5321
8616
7859
8471
1130
1365
1144
8914
5211
5390
6067
8803
1073
2499
4422
5345
2363
5894
6380
484
2758
7367
9461
1563
1321
5800
5437
584
7668
8402
3001
8547
7346
6010
6619
7835
302
8579
2407
8671
9975
393
7889
8714
8754
2823
2179
5688
2411
1258
8979
7040
6100
8485
8360
5398
5520
3115
5424
4715
797
4464
2383
3883
1447
2752
8976
6778
3802
389
8721
5663
1977
5316
3000
3106
3520
4921
5137
7226
9930
4710
4591
9145
131
7751
1658
5184
4415
2941
2754
1836
7410
4589
1525
7594
3450
213
7781
7937
4381
8050
9503
8813
5088
868
3522
4151
4816
589
9028
717
8872
3836
5336
1547
9836
8138
419
4127
8722
9489
5189
9906
5389
4465
5749
1703
4624
6733
1368
6934
3930
9623
7031
4202
6344
6109
2186
5841
7620
6439
3210
6894
4633
5073
5450
6871
7876
6858
7201
6021
4072
1378
889
6170
9179
9314
4198
4771
935
678
9638
1175
141
1843
4741
5099
8869
9633
1191
7405
6001
8550
6128
8460
8524
4923
2136
2410
5282
977
6407
6211
1936
1139
5696
1801
8114
1917
2273
5743
6056
5438
6504
1551
9580
3290
69
5816
7798
4483
6311
2121
2329
8873
2154
465
169
2244
4950
2346
8825
1925
3023
7412
86
1304
1363
8787
5072
117
6599
5624
9971
9873
6019
8354
1042
6866
3937
698
9722
5570
1991
553
2200
9001
2068
6969
157
2666
291
2029
8904
6074
6482
1649
6942
2678
5515
3704
1885
5651
8457
2618
200
946
7791
2073
7190
8716
5855
6371
5416
916
8755
4446
1524
623
5638
5932
9526
4545
5668
2962
4217
8947
9372
2062
357
1078
1062
7473
3282
1405
5951
7436
1021
3765
1199
7202
3991
4011
7174
446
9875
4263
3287
5026
7299
5239
8746
4884
5692
7170
4130
7328
7964
8655
9201
9365
6711
1809
2119
4626
9188
7814
4988
1185
6877
4817
8106
404
7669
8666
4969
3609
1248
655
4818
6339
596
1706
8431
1587
3009
7417
2354
3391
6609
6146
4055
5341
2740
8539
4736
984
2638
4377
6415
1322
6302
1621
7652
2328
1521
6493
9988
2974
522
3051
1403
8416
9850
1559
1358
5100
835
2317
1921
2805
3033
103
3975
4120
8586
6431
7160
3420
8611
7881
2405
4880
3550
9361
1857
8417
8569
9080
1399
9803
5866
9154
8406
8940
1082
2215
839
403
7351
6802
9978
9309
6376
239
9530
1231
4038
6260
4232
7818
2293
6837
6875
9520
5593
2173
8542
8801
2457
7510
4470
9924
8150
5477
9404
8522
3562
5491
5066
1418
9798
2370
860
1344
4267
8370
3047
6018
2914
7574
6548
5517
2196
3316
9190
91
2506
9692
6062
182
732
3097
8876
4158
4480
9914
8639
4438
8820
8013
1491
5133
4474
2491
6281
5500
7035
4370
4442
8729
1505
6851
4155
5701
9446
7435
3459
9138
2840
315
3652
9510
8399
4904
7842
8693
9959
2460
7518
6251
6734
1140
7616
9197
7218
145
4069
6723
4389
6591
7600
5181
4380
2830
1036
6367
662
9047
1243
3903
6510
8838
2831
2390
8046
5058
7452
7115
5598
7857
1143
5764
4826
4588
7610
6389
6037
3011
3460
5784
9074
4451
3332
9994
2001
3198
1709
4908
2334
1225
5642
3179
8753
9227
9922
6533
739
3350
6277
1466
2225
2996
6584
6695
2331
6884
7242
2796
7087
3434
4246
3783
5931
7036
7956
1349
1645
858
7848
9567
768
219
4362
7126
3998
7677
9279
4042
2051
4561
4920
3464
7840
876
458
2958
9662
3640
7488
2655
8700
1171
1883
5677
2544
2939
9525
7683
7997
6241
5417
6156
7084
782
5573
7787
3759
9508
2514
1696
3405
6662
1583
246
2137
7492
1024
6645
9160
5226
6748
171
7206
7597
9889
6221
7850
5727
235
9678
7692
2254
1593
3985
8774
1023
364
8864
5667
8437
8545
5314
161
8442
1387
617
7547
7143
3226
6515
7182
1648
6324
3577
7970
2150
2417
3841
6724
5844
8029
3539
9809
3804
2312
3752
6935
9611
5998
4634
3566
2710
6879
3153
7684
4702
7902
962
4844
9132
6168
8452
6420
3173
9134
5224
1215
1347
3295
3833
3519
5351
7515
2759
3099
1318
1281
4149
5992
9082
211
8528
231
1856
6152
9344
713
7294
4681
1955
4183
899
2901
6801
9432
9516
2945
9280
3867
8140
4026
4518
7096
6201
2353
5556
3426
7015
3552
4285
6893
4903
2523
6153
5849
2131
5874
4628
7048
1595
8879
5347
1962
7025
1862
221
4696
5937
7569
7508
8559
781
5193
9593
8742
6445
2567
7249
4235
8007
399
1576
7712
4215
3212
6456
8917
5505
4327
4113
5672
9065
3038
215
8169
8477
4594
8353
4226
6068
7296
6549
841
3400
8800
3764
6249
2691
7229
2397
2228
317
7577
4160
878
6215
7967
4132
6762
7480
5317
38
9166
15
9035
134
6961
560
228
8223
6761
6852
1161
2267
9383
6091
5034
9031
3430
2820
9652
1882
913
6708
4714
4740
5130
7391
4088
6943
8389
5050
5953
8725
9785
4809
4573
3148
5106
9902
8916
5124
7476
975
4493
5607
1416
1875
3980
6279
8846
165
7163
9427
607
4551
6187
8129
5706
9828
2561
1557
1256
4221
1076
6849
5459
8921
309
2258
4452
8840
5157
3468
7566
1565
300
2832
4292
7698
2632
4761
6719
1193
5897
6079
7861
8646
8391
6033
665
9791
1874
7542
5913
4683
3437
2894
8612
7860
2045
9146
1424
7495
3077
2922
1911
8701
377
8763
914
6631
421
6803
9649
9613
301
714
5900
9007
2220
9286
3854
6692
2505
8988
253
8465
9029
9600
9424
3754
1534
2040
3311
5697
961
5929
2579
8151
991
2751
4858
4898
9014
4156
5296
1891
7433
9585
2471
4242
1579
8052
1410
900
7759
1379
5346
6034
2492
6253
6231
5809
4309
3645
7068
1443
8358
2669
4896
8537
3761
2930
6385
2398
408
1571
2125
8252
4376
8526
8972
1633
926
1195
5687
7026
5603
8400
9212
1796
5941
9043
8318
3911
4768
5799
6905
9801
5253
3256
4780
9055
8286
7313
1985
6558
6342
9152
6264
2234
9332
6441
4748
9951
406
3557
3059
1172
6534
1675
8488
8527
561
1700
6199
3537
4453
7478
2237
7456
901
1149
6455
2685
9650
5781
1713
4458
2637
9378
5734
3889
3831
3932
6700
2896
572
1777
9359
8552
5580
9287
4126
4500
1262
6266
2365
506
4165
4506
2836
1273
1544
6962
4737
8915
8943
6790
2419
36
1150
7871
6382
8595
1514
906
8594
4252
9506
5298
2058
5280
7497
3221
4177
1751
9841
9478
6743
3284
8377
1313
1742
6665
1196
7638
8259
1624
3699
4192
6181
9133
8301
9335
8017
3983
7372
4849
9527
4727
3819
4073
6118
5268
826
8967
3
7338
7063
3970
5684
7536
7824
6419
7905
4123
4286
6310
6440
243
7800
344
675
4902
7095
4876
1586
6349
4093
5095
5025
4281
1249
8555
8971
6242
3070
4866
9011
2693
1119
436
1606
274
8842
5080
3127
6750
2622
8953
642
2586
1591
5245
1397
1768
351
324
5681
8675
7693
7830
8890
3169
369
2065
9426
122
4100
6473
8076
2687
2023
9366
3582
3055
5535
3664
8165
2728
1637
6387
2726
1091
5238
5715
5484
4799
6314
9806
7921
6430
2451
7514
8847
9768
2060
4949
8090
5821
7141
5745
4701
114
5289
9336
9338
3359
6125
9339
1394
5204
7091
9985
7310
3806
1601
3502
4707
7697
1462
8166
960
64
1057
5199
1712
7622
6663
2446
7965
650
8628
4564
8632
6618
9505
6173
3743
9376
4179
2250
7757
2817
7741
4407
1879
2903
1589
855
9045
1530
9205
6731
5766
959
6895
7273
7925
1190
3957
8125
1101
7855
281
442
2366
9602
533
46
3197
8289
7205
7874
2937
3079
8665
3034
4396
4954
7079
9963
4373
6322
8990
5620
5183
1504
8390
7427
9103
6788
8324
2864
974
289
9124
8014
7187
9148
9100
4262
9539
489
7047
8553
6149
543
2158
5169
5081
9433
4789
1678
6094
5136
7813
1726
5244
6563
6329
9498
9616
3926
5010
849
3126
7378
2052
6758
3425
6195
2433
1373
5794
4427
5170
5629
1529
1677
3088
8472
7950
149
3852
1672
440
9827
168
6537
1859
9415
338
2975
5023
6489
2464
7453
1402
381
1448
1965
8683
3535
1201
2791
360
287
8576
4720
2130
7368
5536
7334
2283
7481
5798
8507
3720
7915
8418
7376
9878
1560
2391
6340
6193
3219
4018
9923
6974
8810
1939
9780
5717
3137
5533
4455
4661
8650
1760
4218
9694
1730
7847
4416
2525
6410
1876
7232
2110
7290
2966
133
6400
2542
499
8319
3924
6200
5812
7070
4386
355
7694
5832
8242
2781
1074
8011
3211
719
2660
6642
4171
2421
2617
6921
1904
531
6613
8256
5
710
7386
5442
7854
7333
3248
6296
945
4459
2800
9186
1092
9219
4825
6284
8833
9341
6765
2302
51
7646
4730
4578
136
4166
9235
5787
8074
2860
6880
6602
3087
5839
8811
8789
7024
8664
1117
1600
3734
1406
4982
1125
3469
6000
6166
6857
1717
8438
4821
4496
320
7283
3799
4577
5051
8179
5613
4742
6007
2902
4897
8712
7564
8925
9488
7089
3072
7862
8069
716
140
9241
4611
9890
1866
9438
9120
4861
3935
7571
5121
6436
4318
276
9720
3895
5534
4107
2819
2061
8103
7879
1216
2440
5188
6855
1075
2725
4293
449
3782
1032
1996
3892
7592
5457
9849
3628
3113
4066
4063
5320
2887
9206
2403
3499
4836
4343
4593
7761
3486
6620
9987
7151
1285
7342
6910
5464
571
7843
4672
4231
3386
1909
5176
7297
6114
4667
186
1694
7387
4237
3257
7801
5040
3147
824
8057
4425
277
6530
9897
3428
2649
8413
9732
5152
459
1252
2115
9687
7582
9316
1501
2524
2095
5179
5472
4867
7214
9462
2990
8989
3412
6853
8690
5427
170
8425
9793
8219
7169
9423
756
8613
7990
8877
2513
6676
2189
2508
827
2
3506
7752
3057
1895
1431
1558
3314
7667
1787
7450
4568
5881
8875
3826
9943
5555
5433
7710
9556
6207
8751
4261
9852
8715
6163
9619
867
1247
541
2529
1642
1186
9695
9950
4532
1570
4283
9956
7573
9900
6846
5382
544
9639
5045
4925
8523
6936
5441
1342
9557
798
5542
5609
4210
3361
476
5786
3748
4782
818
4550
5988
1814
8305
9457
6892
8274
5243
2558
9175
8340
4154
1236
8761
2099
9821
1141
1575
5617
9113
7181
298
8404
482
4602
5901
1573
2624
1097
8180
5134
7248
9318
7475
8713
9709
5355
1077
6997
4081
8302
56
2935
347
2482
8241
53
6835
8497
4240
8444
2272
628
7130
3170
6717
2067
1852
5987
5751
9965
6246
1863
9437
2977
1079
4976
2779
3185
4776
3240
3162
5358
3208
6738
6354
8369
1594
5007
3395
4918
1987
9848
3275
8293
8156
6017
5999
1938
2388
1124
7753
7716
8392
3644
4139
7443
1578
6593
5329
894
9153
737
7225
2385
8339
7728
9983
8303
4631
2310
8602
635
3408
8463
5652
7559
265
517
5149
9517
6155
9872
4675
2715
2874
13
8777
5899
6366
2112
8750
1033
5682
3702
8897
9957
5335
3484
3673
8780
7013
444
6030
9169
8703
1011
9601
6303
3578
1511
6904
2863
4344
4482
1486
8793
7423
7719
5683
612
7007
6081
405
8164
4857
1103
7231
7197
637
8055
9283
6655
33
6177
7401
6020
4694
9399
5975
9779
6836
1071
3154
4939
1437
6847
4039
8445
5559
9730
856
7743
396
6009
5538
6728
6509
6625
613
2206
9267
2873
7361
2033
563
3676
6659
5621
4146
1943
2111
6946
3402
2554
1506
6628
3317
4250
1899
3563
3188
2427
5627
8540
880
1465
2402
8944
9277
4071
3758
718
8374
950
4529
3440
536
2562
7326
2721
641
669
9203
2286
5097
2846
6469
5492
4114
184
3787
7178
3891
9640
9895
3966
2989
28
6228
9213
7175
6856
1293
2745
8841
9724
2041
5890
2924
6092
3637
2453
1980
1556
1513
9119
5283
7080
502
3259
4152
1638
1804
1789
3792
7612
9412
6754
7398
9313
6572
6576
9940
7314
9588
3733
7469
5878
9788
9144
765
1976
8709
7931
4894
4507
6975
7215
6321
9564
5952
5720
7167
4383
6785
4229
229
610
1022
194
5250
8795
6867
2413
325
1226
1611
4739
9077
5146
5606
3253
9759
4284
6902
8647
5047
7081
6083
1920
1902
9208
8371
9782
2692
8059
8337
7286
3260
688
4430
431
8799
6982
1622
2462
7882
3634
5371
9921
4998
8
9342
7312
8264
4032
2053
1999
5277
9052
9587
5911
1362
8113
2473
4449
9273
2829
758
1334
6203
2201
2015
3740
8641
4791
3488
5015
5736
5035
753
5783
3835
2315
5497
869
1008
1912
2325
7806
1054
1035
1961
5394
6629
1404
9970
1807
4363
6320
6698
5144
8908
3419
3306
7397
5061
2849
2291
352
6451
5221
5828
3845
63
5104
1802
8934
6372
4345
9050
1160
5384
1582
6706
1
1790
8171
411
5395
3585
9048
322
1407
4079
8210
8649
5128
5135
9303
8027
7735
2170
2784
3521
3105
4520
3273
9757
3265
3080
9918
4540
1111
8349
8696
8857
2661
1129
9483
2537
4197
8734
9997
2351
1134
7441
5386
850
8786
4810
2859
586
5513
8320
8412
8247
9502
2116
7789
2271
4805
373
8036
9501
8745
3636
6071
1725
2988
4175
7986
1180
7256
751
7680
2987
5714
7392
3677
3192
8684
5219
3770
6003
5660
6970
8336
3466
7132
4089
7023
113
3905
3898
680
2123
1474
1500
4516
4367
907
1893
6745
8411
3912
8536
2857
8198
1012
94
1289
9786
9942
3964
1454
4251
6234
7672
2706
6330
670
9927
92
5162
938
348
4968
5891
6457
6424
5654
9193
6191
7823
5574
5406
5962
8253
9910
3031
7384
3414
5218
8045
8853
6370
6240
9770
7589
5014
5175
3418
763
9750
6301
2953
5782
6632
9610
8946
4695
3194
636
6573
2199
6578
6351
8083
3132
2512
1072
2959
2816
1028
9898
1371
8744
4138
6479
1290
2428
5709
3004
3241
5690
618
6816
4012
7383
4450
2573
2274
883
7966
2253
2382
9402
4630
1494
4487
6689
3756
3348
68
4828
8848
2004
9350
8094
8723
8232
3155
8221
9098
193
1569
3480
2771
9308
1572
9334
2307
998
9565
7459
2909
4599
3683
9958
1237
7365
875
1803
1913
2944
7236
1295
730
3587
5803
1084
8727
2679
5674
5288
1697
1794
6562
5967
1610
8434
6121
1492
8770
9911
290
663
4580
7790
2900
4303
5003
3949
8461
5632
8490
4207
3716
7551
9296
8331
1719
1354
6141
3992
6995
4510
8328
766
3378
4755
9855
4390
5465
7853
8662
4627
2138
8681
1000
6414
845
872
902
7501
1771
715
6214
9538
8226
6023
8186
8844
5694
3299
5272
1507
159
9931
927
980
217
6805
2094
3495
2516
9239
6784
4176
5102
6396
6475
1269
588
3974
2596
3193
4961
1896
6514
4586
9033
3972
6189
4091
1639
699
7529
5776
3084
547
9460
4644
7747
2906
9553
8599
3330
5655
1025
61
538
534
3772
8960
605
9609
7366
2252
1338
6360
1004
240
2037
9726
8272
4196
3144
5588
7263
5518
4706
6813
9933
4348
2743
4933
5880
5920
8424
5456
9304
4623
7746
7504
1030
1908
6013
6254
3204
1978
462
7144
681
5191
382
3670
7555
1744
3095
7609
5205
957
8593
8548
5977
8997
3604
1782
5868
590
6529
9542
3840
4553
2526
5645
6333
6909
8430
3176
110
6954
5348
5539
3227
3993
4172
7021
6672
2769
4984
4253
4911
1763
2557
4098
5196
7224
9884
3769
3365
9056
1428
3243
6536
7897
3374
4342
335
1464
1839
3829
9137
5485
979
7165
9221
4094
5229
1366
7633
4420
6162
6606
8969
8926
6512
7864
5543
7451
5092
5820
987
9972
2400
5730
4806
2036
8752
6164
1979
3773
4421
3171
7219
2942
4501
5008
7996
929
7307
8388
6108
6119
9618
1656
7531
4326
40
1425
8060
2683
2135
435
181
3588
8218
2983
3064
7028
6257
5150
9748
428
6610
2814
5728
5740
9247
1897
3875
570
8382
9812
9888
4150
4654
1207
2069
5678
6326
1434
6823
5860
1197
3349
8408
3528
4076
848
9398
6634
7238
4494
350
2377
414
3235
5091
8652
4793
3014
9391
201
2466
2054
7217
5187
9071
204
4317
3220
9108
685
6348
3161
9545
3531
3189
97
704
7519
996
4656
772
6574
5864
7019
4313
3603
8610
6271
2925
2233
9847
821
5732
5344
5772
9668
832
2342
9194
445
2335
9562
5432
4332
1359
3410
334
7345
2034
1674
9459
5338
8707
1051
2011
7455
3044
6183
1279
4745
1759
7678
8860
3561
3866
5584
8378
2332
3067
4256
8759
8300
6527
6209
3559
4953
4118
3049
625
2936
4543
7703
8316
3448
4664
840
7086
185
1245
2183
6161
8923
729
6499
5741
5721
4834
6397
5986
1116
9802
8984
7359
6687
4994
9637
1887
1618
2144
3061
1170
3675
7643
8889
9363
736
630
4020
9546
7485
7311
1910
9629
1383
8473
7388
4287
6542
4016
7223
7988
9843
6225
3732
3713
7895
2957
9228
4392
6117
8458
3442
3107
9621
7078
1512
989
7061
1954
7822
2432
1832
426
6653
1059
9745
6452
3842
1324
9518
9151
6564
6111
742
7278
9811
6657
9368
954
8910
4629
1337
4662
1562
5480
2263
1184
1019
2772
1831
5561
905
2736
2009
3660
4653
2368
4542
8025
505
8580
1429
2549
2541
8682
1616
346
5780
5304
6914
4980
6547
3100
9882
598
6188
759
8894
8380
2870
3139
4924
3721
5154
9523
8269
7651
2157
7444
3611
3960
2684
6923
647
1122
5043
9250
5550
3336
6872
925
2676
331
5567
7912
939
744
3503
8874
7414
4539
6194
6462
4046
3697
5012
398
9284
2188
5582
1106
8634
4872
1070
9705
7001
4199
8146
4159
9320
2722
1747
7291
5019
8758
4770
8163
4216
6391
6702
7820
8928
356
9586
3252
5313
7142
238
9917
4756
8307
4472
1517
9845
3614
1749
4294
7960
6901
1740
2510
8747
1218
39
7360
4974
5979
9351
8250
1056
1198
7674
5850
9807
3298
3005
7353
3481
2928
3270
9410
9453
2645
7520
4328
5308
6552
5729
164
5956
7065
6120
1382
8880
2248
8447
8230
5401
3216
9771
6036
7511
4184
6592
4441
2010
191
5675
6684
7983
1277
1479
8182
7465
2866
8644
333
3381
7057
9937
8939
8278
973
7796
8288
2867
1870
7587
3947
306
3467
9034
5605
7105
5079
4786
1829
809
9215
3182
3058
6906
6861
6818
7851
3678
2614
3893
4852
2209
2634
3086
2795
4003
5022
5646
2128
1319
815
3158
1445
3823
6229
7951
919
2086
4329
523
9805
952
1049
6072
3214
1001
5161
7060
7493
341
9140
1476
2177
292
8208
3701
4597
3988
6291
6276
67
693
5872
609
8423
2102
1182
6644
9170
2472
3897
2689
5016
6399
5167
2785
9574
8845
4731
1238
2216
2555
915
8048
6374
2476
3626
9755
3056
2648
1090
6502
2797
5247
9701
5328
4632
8101
8486
9627
4945
4074
6939
6224
9222
3657
4243
5054
1152
4673
3514
4965
177
7906
7639
7606
8276
9381
6666
2995
2465
4798
9207
1805
3921
4486
8234
574
702
3703
3929
4964
1945
1827
1960
7122
3128
6368
7525
9769
4124
5869
4912
1691
4581
2343
7949
7766
920
769
9131
8132
7092
6022
4054
2737
2156
5635
8220
8651
180
387
457
3632
1050
3798
7524
5805
8601
8019
550
9018
1294
8521
3617
3123
58
9660
5761
59
6752
4845
5837
2333
857
8478
5458
4247
9436
5921
1723
5707
7568
8240
8346
3262
5671
1731
4031
450
1377
3542
9858
3301
552
2744
7375
6006
1241
4142
6820
6024
3876
7807
5426
5312
3650
1953
198
1043
7632
6309
4709
3366
6220
2766
3008
1995
2877
3594
5903
31
9260
3554
1104
37
8157
7390
3131
9040
6058
8809
3035
9537
9680
6379
4456
6829
4612
1619
4900
3856
2761
7032
5974
8699
6624
8541
5963
4340
3744
8694
4090
5938
6232
4690
5511
4909
8306
3995
9592
4485
6336
6806
1046
3109
6390
6696
6403
9264
9005
6116
3682
2591
5291
8578
4813
3825
1126
2910
1894
8629
9606
5349
74
2474
4685
1623
6824
976
447
6991
3839
2753
3342
801
2190
5569
2336
3581
3121
4257
5650
4995
2012
1323
12
9591
5240
6418
3846
1203
5473
2362
72
6150
4277
5510
2841
8843
2166
6722
5246
9541
6977
6601
3036
1047
3006
8281
6844
4275
7715
3900
2406
1412
206
7942
1574
9938
8952
3548
603
5639
9038
757
4119
3417
2454
6008
8258
4399
7109
8633
7090
3140
6102
3551
1303
9909
2042
2818
8147
6633
6472
8381
2933
4085
4428
6594
4901
5318
9346
4433
9913
1990
3206
2950
6763
5295
9269
6197
6196
6581
6383
4575
9984
8504
726
5087
6453
8482
8991
4035
1940
2468
2697
9491
2378
514
6747
6586
7076
966
7774
4335
1384
728
47
5413
3445
8099
8600
746
6773
903
8102
3318
3406
4204
9158
7074
895
7176
7726
2424
6421
8790
4022
3523
3268
2908
9406
2625
5572
5258
7429
8614
1898
2324
853
1982
5213
9162
3877
806
6244
9200
5759
9079
1754
7546
7199
6384
8468
2160
5725
6596
1312
683
7304
5947
9929
2704
9871
8529
5354
3368
1400
9165
5143
1208
9051
1738
3860
7195
1554
2218
8980
9183
9550
1813
8587
6359
2077
5009
6561
3774
6683
6157
5994
6999
8476
6554
1720
5361
3457
5630
1714
6828
2667
7627
3477
8826
7561
2287
8372
7591
8095
8096
7442
1386
1205
5381
4940
9330
107
5004
4819
3114
5067
2187
50
1217
7431
5564
3633
2480
9723
9447
1497
6027
6095
7108
773
3438
7437
9767
8214
8954
1224
8588
6917
6206
4307
9969
2122
6503
8512
5197
3258
174
6604
2536
9127
345
8941
4585
305
2907
7803
3039
5223
6971
4757
8557
6764
1948
9899
3104
2316
266
4659
8491
4538
8032
1981
6408
1357
3659
2101
3474
6949
8279
2813
9097
9670
5383
9216
3247
7768
503
8619
1301
5352
8326
9293
2227
326
7184
8088
3163
6924
5733
7785
223
2760
8075
803
9800
4371
870
7008
1040
8623
4117
7335
2043
3927
6492
6948
4288
6900
1299
2636
3409
4966
2381
336
7056
653
2581
5399
6005
3509
423
330
2197
1148
4037
7880
7630
3672
383
2364
9752
3016
9737
5011
3753
6869
3741
1721
770
1374
1845
8018
9738
9577
1282
1145
5934
2786
700
9019
5950
6230
1988
9563
634
8294
2609
1661
4985
8192
687
2373
2072
6481
6217
5160
7557
1006
9349
2724
2044
5522
4878
9540
7029
227
9348
9632
4556
5996
9458
4067
146
8618
2259
2438
8679
9719
3952
8720
8356
2970
8466
9617
7222
6891
6521
9645
8942
2133
9089
5689
9020
3828
755
5526
85
5722
5665
6103
5553
3807
549
7786
3591
2521
6283
7841
3763
3789
3928
8598
3602
6787
4522
8297
6648
9697
8739
8782
525
6585
8104
507
5625
3821
1983
9862
7658
7059
2855
4978
4760
7545
1783
1795
2543
6749
8993
7404
2812
8178
7006
3579
1142
6956
4432
77
6352
5185
1523
8769
6334
3063
4860
3712
7701
2701
5129
4587
3760
1821
1651
9919
6714
8849
9535
3859
2850
7738
1482
4687
6274
6080
3646
1914
7537
7723
2082
5628
8901
7033
2782
4468
7745
9784
8093
7004
4722
7483
5774
43
4047
4895
7348
3669
1822
652
8900
8823
1490
9167
4424
799
8352
8117
7050
1640
831
4408
9254
1503
2035
8450
8189
41
2242
7085
2455
8757
4830
5249
1968
2340
808
5604
153
9130
1355
4299
3333
5228
7554
6480
2569
4735
8448
8367
9851
909
5731
7462
3567
3762
7938
1401
9612
5972
5478
7556
5203
1922
4400
3089
5366
6297
9704
8627
9740
3904
3013
8669
8677
3745
740
9073
6495
3308
9863
6972
5499
1272
197
249
2032
4759
5498
3304
3136
5018
9013
9324
498
7837
9204
2546
9059
9026
6804
7521
747
1933
6674
6239
8100
3377
9579
4205
5225
2083
1755
129
2439
3872
2961
5489
1704
8173
7578
2604
4402
3094
245
30
2194
2720
7098
9390
8620
8009
4435
5071
9371
8818
6916
8881
5411
7756
9210
8385
2552
2653
1844
6908
7082
5445
9665
9425
7729
9469
2256
9721
7580
923
7303
788
106
7474
7321
5882
6178
3048
6775
3392
5021
4099
5174
7309
3111
3643
83
8239
5055
5494
1446
492
8604
6016
6323
9317
5190
1800
2890
3267
4886
8995
8732
3407
390
9901
9881
3785
7875
6744
2654
1952
8119
209
6341
1080
9711
1971
5490
6978
4141
3363
4926
9999
1449
785
4713
5916
4268
7411
2595
792
5342
1188
7772
8891
3491
5431
4477
7287
4682
3280
4931
5742
705
2915
8006
9826
6288
1016
7969
232
3814
8566
8379
7257
8153
9428
8982
4907
3890
8824
9168
958
5611
4324
7821
5541
1811
1766
5848
1107
6570
2613
6912
520
7042
3343
8213
9495
2940
1635
1867
2663
3335
888
7608
7293
2008
7112
3451
4570
3915
1865
269
8567
5056
8347
9948
819
1699
5955
4133
4361
6937
3717
6559
1441
3300
2519
6822
5155
2117
7706
7186
4547
1860
1081
5575
9078
4842
5410
8464
9196
8638
9885
379
7724
5822
1548
2416
9257
1918
6048
2019
1291
17
4385
7611
3691
6432
4790
8913
3959
8907
7306
7030
7979
5501
9393
7930
4769
8776
2091
203
2145
4525
7892
8798
9094
1585
8710
6104
8176
4248
7532
3524
4075
2550
1048
1026
6496
4536
2367
8630
3874
5436
2998
645
7241
370
9278
9679
4977
5906
1341
1764
1762
2810
2059
4490
5278
7434
3093
1088
7251
9373
283
9086
3497
2571
6794
3433
2806
9584
9395
9156
9566
8764
7136
271
1942
576
711
8792
4019
6675
7191
2979
4036
6770
8133
7212
7022
5641
8981
3296
3234
9857
2619
4546
4298
620
2372
3167
3081
8290
4406
9980
1153
5960
5306
10000
7043
5703
1192
7619
6811
3788
6256
4378
2394
3209
1458
2129
6470
5545
2727
2345
3510
5483
362
3394
9243
8749
2714
3909
9161
6686
2869
3462
8426
8470
5946
2055
6373
8922
953
3934
2401
4308
7426
6175
6338
1415
8321
7955
1228
2938
2389
9429
5241
1535
4086
5775
8495
7763
8229
8201
7258
7707
6190
5940
310
4445
1509
7204
425
3082
5673
4871
6868
1096
4115
9470
608
6122
8023
9568
6287
5294
4655
1478
3943
5530
833
2207
1561
5378
3315
1123
8092
3345
7631
8329
8134
8509
8159
5818
6362
9534
2822
6919
6065
125
1705
3142
6485
7721
8737
6623
9126
4565
2642
4349
2269
9421
412
4463
7171
7139
2021
4609
1018
754
4033
6478
9114
9590
7773
6626
4747
5825
8309
144
7200
461
8160
6014
9816
2657
4230
1973
7409
42
1426
4913
5125
4997
9967
2485
2670
6167
2972
422
4691
601
592
151
7982
8199
1984
260
2350
2469
3504
2652
8887
4800
8730
1459
8161
7298
1017
5944
6688
1689
1053
2518
4922
2916
2694
720
5362
5434
7479
6446
5264
5634
9142
1027
1604
4668
1536
8805
941
230
575
6973
9261
8609
4606
1830
3687
2288
2844
4015
7180
877
3146
9431
2789
3533
3224
9869
9010
4773
3341
4353
9861
7730
2103
933
3092
8271
3742
3202
8004
4899
9751
8177
7615
2296
1489
7393
3309
3043
2313
8697
7898
4315
3899
654
3629
1041
3422
4000
4512
8387
5527
5059
6753
7570
1707
1757
9954
35
9101
8263
2047
9766
3940
2114
6032
7802
5454
1484
8718
2444
3492
2677
2969
9327
2639
583
5415
649
2991
2853
1949
6960
6859
6398
7396
9185
23
3948
4515
6031
4848
6060
7788
5949
1472
7980
7604
5300
1210
3277
6238
6730
5562
9017
9232
7717
5194
3461
9829
8211
8705
9375
5686
5768
1676
5512
2533
1916
6025
8560
9444
3871
8592
2565
8167
9830
5182
1166
8205
3307
3894
5461
9589
1317
343
5793
8410
6621
651
5525
8022
7138
2952
9289
6830
2124
3565
3592
703
349
9060
4504
3143
4726
3705
3118
8474
9496
9783
9797
9707
4479
2152
2770
6115
2535
5396
7530
3651
2134
9251
2292
4838
3429
7071
9191
3575
8765
1423
7005
5843
5232
2919
1436
6729
3329
4856
6531
4254
1353
3939
2889
7503
8403
6860
6740
6423
4847
871
1380
3969
3641
93
76
1183
7718
2174
9555
6808
2195
2356
3292
1064
5156
6051
9644
7323
2809
6873
7135
9252
3610
454
2202
7825
3479
6305
9822
5380
5622
4014
874
4471
2278
3250
7907
6466
6
9877
4521
7254
7018
4412
9718
2750
96
6235
2497
4161
8603
1947
696
3071
1438
3517
2084
7750
3671
2211
9981
6393
1652
4467
908
8280
7395
2161
5005
8543
9294
6814
4557
2540
6707
5324
6476
8735
7953
3322
9832
6523
3621
6486
7244
7491
6176
3853
2904
5053
5754
8965
8158
1468
9189
3584
7316
6538
2349
3996
208
8415
9887
4764
2229
3356
7890
510
2107
9903
1052
18
8489
1888
4007
9582
2742
5428
222
672
9409
6353
8376
4823
3500
4952
8558
8341
8456
7051
4535
4466
7380
6378
5220
971
3157
5103
3263
516
9991
5571
1550
7808
9110
5222
1537
2412
5579
6306
2545
5235
7305
8895
2955
4304
2801
4783
6450
463
5098
3737
1029
7650
135
9129
9825
3174
965
7129
7382
2858
928
7826
3364
8660
8731
3516
3982
4785
9209
4533
9435
3370
9765
9962
9685
9973
6213
8583
6506
9905
8168
3597
6315
1265
7424
8260
9123
6090
4023
6261
5322
427
8812
9859
1246
7355
4330
7867
4802
1266
5057
7954
282
3236
2408
3010
162
2449
3942
6926
2344
7742
9796
9490
3435
4936
6252
1089
4914
3981
6737
3570
1173
5365
3125
823
2089
5064
8295
9477
8097
4509
9044
9139
1745
7467
1951
5608
8037
9340
4728
5964
8131
3485
6317
3249
8267
3572
9323
9003
3527
3936
5481
2616
5529
4906
2994
4144
4775
2623
8863
5357
8546
8740
7679
8502
7544
627
1440
4666
9624
9661
1376
2854
7700
1309
3956
4167
7640
6525
9625
3913
8304
20
9328
3404
299
2592
7381
5279
5373
3218
2323
5927
622
9700
725
6468
8433
1213
6076
7778
7213
1646
524
4689
6169
3666
9839
8183
3638
137
5233
5835
478
677
3622
5269
9291
216
7870
7009
8977
1118
2878
7687
9211
5997
6059
3647
1061
6096
6443
6535
8931
8145
6843
7330
3851
8459
1716
2030
1758
643
7618
2556
9362
8085
8882
5546
4778
3834
7253
8107
5886
5230
5039
112
5965
378
6898
9642
2140
7973
3708
155
5649
6123
779
244
2359
6099
3002
5286
8625
8499
394
2235
1668
6471
126
7332
279
9497
1690
8686
3175
4228
2448
8515
2050
8030
3750
9734
2672
2445
7363
8573
9706
488
3962
2489
3289
5029
7916
4658
8086
931
8143
2214
4222
89
9493
9939
5303
5082
9536
8519
7243
2241
1284
9777
4750
1930
5644
8298
294
9405
297
7172
1296
8500
4692
9392
3824
787
5356
862
777
9893
3496
8668
268
7356
9092
6422
9677
3997
2208
2688
8116
4975
4103
4639
8082
337
9795
2006
7794
6050
1451
2671
5857
6395
6766
2964
2729
272
6932
3530
4718
8149
7733
859
6680
5521
8190
4137
5400
7317
1457
6186
8535
4862
6980
1288
2615
1181
4853
5870
5439
6985
6268
9641
1522
6331
557
9220
3393
7269
8834
4615
2306
3958
4519
9570
4359
1824
6300
9411
5980
6270
3986
3653
5770
6145
5700
400
7155
2494
796
540
4092
3749
6677
852
5922
7402
4647
7696
179
160
5307
7220
986
8951
3950
4820
5554
1772
6968
6577
1220
1396
528
286
8717
4182
6701
7617
3870
6070
8963
2530
7255
6964
5852
9223
7872
4875
1577
2249
9708
6767
4732
6073
9150
7494
9095
2360
8574
4660
9531
1850
8691
1287
5236
7064
4178
4855
1631
5404
8058
8483
2597
3066
2409
8446
4657
2776
8767
8706
8112
6990
5876
8073
7097
9524
8315
4454
6519
1419
6945
4050
9982
6490
8676
9319
5123
9180
4300
6928
1159
4321
4680
2159
2078
2948
5374
2971
495
7583
2483
2515
2658
6129
9226
2643
1733
7565
2665
4801
4448
5676
3694
7157
9522
4347
813
5409
1240
4868
6589
6427
4960
6771
2092
582
2686
2764
6726
8657
9964
1095
7711
3166
6448
1439
556
119
8932
8828
9743
5369
4162
6716
7771
4264
6308
5563
1555
9471
455
706
7765
9569
3507
6040
6797
262
6781
7549
7699
7209
846
5802
1099
5670
9686
9416
152
2303
4269
5292
4643
3726
401
9815
7523
2911
3225
5887
4200
2172
7671
4097
3151
4028
7797
7550
5548
3355
374
4429
3738
1872
3232
9658
4475
1194
9647
5364
5919
4078
6501
6388
690
1314
6825
5898
9109
2748
418
5854
7673
7946
4534
8202
3849
2132
519
2980
6245
4513
7900
9946
3003
4807
2074
2747
8041
21
1326
9386
5208
666
1643
9272
7923
9961
9076
3755
5984
7720
6780
9608
8284
3739
3090
1868
2002
6543
7809
3642
3431
1915
7265
784
1138
3605
9300
750
1708
8056
9844
5909
1176
6039
3665
1941
7014
6151
7688
5969
4320
6160
9174
4560
5113
5804
2699
469
172
1361
8325
9879
2646
199
6845
9299
448
5065
7458
8968
9177
7430
9352
3541
7736
9554
6043
660
3881
8911
7267
7981
6958
7394
6426
1069
5255
9867
3156
8736
7528
4062
532
9176
6184
397
1087
6685
3896
2621
1336
9225
6994
2584
1271
7649
8195
9945
5435
4649
3746
3795
2538
8084
6796
8785
2773
365
5311
5524
4530
3663
6769
4364
569
3396
1840
175
4971
7838
6944
2659
8043
4892
4832
5711
2422
8936
4437
3069
9333
3245
4505
178
3778
1310
4052
471
2384
3725
656
577
7645
9057
80
658
2178
9463
6864
9388
3272
2255
1414
2064
7780
9452
1420
2803
1003
5479
2185
4401
3534
3583
5142
8135
2852
98
5207
3933
254
2431
8902
8154
932
2425
7626
7944
7188
3786
1974
420
7657
2709
9838
6236
1928
8836
8342
9354
1098
5612
2247
2605
7134
7819
5713
8702
7088
1348
7968
6959
2731
3560
7731
5118
4883
7975
3133
3195
8948
307
5735
6567
9364
207
4280
7371
4310
6756
4794
2886
8871
6568
2673
4112
1997
820
3487
3501
3963
8596
5387
7784
6661
3869
402
6636
7977
2048
477
2947
8970
6669
554
3207
2204
256
4835
3513
7149
6454
8589
2576
2355
1037
7285
2882
7113
1350
9128
6505
3655
234
4795
3022
8126
1735
5506
6143
7581
5895
1892
2452
5122
2503
9456
3868
5467
2978
8034
6465
2861
9105
1666
6105
4669
7499
7058
3021
7734
189
1580
619
2479
1393
8949
9552
7804
4704
9814
7910
8955
8885
2080
9265
3728
3019
4213
5070
4752
7725
9533
4527
313
5126
982
7156
7343
4224
6110
9856
1398
9439
8534
7962
5385
5914
1958
372
8002
8395
3931
4571
5549
3338
6046
4272
2921
1957
3630
3696
7152
8903
6250
9655
1496
1815
2297
3458
6526
1959
1343
2559
3747
7662
512
361
7148
1734
3130
9306
6042
9104
1609
158
3196
2675
7614
7932
9676
9417
2467
6113
4744
7077
438
1685
851
5591
2690
24
4134
1055
6957
9925
8333
6817
7373
1151
4220
14
668
4873
8222
7118
7055
6718
6500
8420
701
5983
8532
6647
4576
4491
4972
1608
6607
5884
2879
1632
1339
2602
7227
9936
3018
1748
1724
4930
8893
7234
3808
4670
1470
1211
1388
5418
3453
9023
733
7846
9476
9663
2993
6365
1477
2608
7302
8383
7629
8829
4705
4188
2490
5973
1131
9322
6838
7145
968
2815
257
6101
5636
4125
8854
5271
3549
8530
6544
9271
2580
7901
5560
3724
8794
535
7817
8973
8262
258
1007
7941
6532
7535
5958
1540
8533
7093
147
2899
1045
2931
5819
6588
9781
530
173
7663
3775
6821
9870
1308
9360
3042
9467
817
2821
4398
2628
1417
1085
9441
4600
5943
6356
7505
9472
9549
5198
593
8996
9081
2553
4697
5443
9778
6842
3423
7810
3380
749
102
6983
5853
7052
8562
865
2531
9159
6615
6026
5576
4360
5718
6064
3230
3242
1411
9996
3213
105
496
9032
250
7883
1163
3648
2700
4403
1835
4397
8496
8733
7049
354
4910
3865
7590
4258
8396
3800
6458
2511
7760
6540
5767
8175
2976
4426
555
7124
4592
1395
9728
3906
8312
9907
1812
1935
104
6335
8554
9270
8265
5419
5565
5052
6258
5592
3319
1769
9443
6144
6004
255
1298
8070
6643
8344
4423
1545
934
9163
3344
9648
5757
7403
468
7845
7534
6361
1165
8514
9993
8327
9184
4440
6528
8802
7046
6063
4614
2635
811
8001
1127
5363
5036
8978
3473
5495
9008
10
5910
7775
8368
4214
1886
1881
896
6012
1515
6295
3837
6350
2698
7418
2741
791
9358
340
8998
8047
8414
8275
8852
1156
6233
4102
8362
5623
8333
9915
4617
7754
7012
